2018/09/24-08:42:25.484420 7f6520ea5700 RocksDB version: 5.7.3
2018/09/24-08:42:25.484468 7f6520ea5700 Git sha rocksdb_build_git_sha:
2018/09/24-08:42:25.484473 7f6520ea5700 Compile date Sep  1 2017
2018/09/24-08:42:25.484475 7f6520ea5700 DB SUMMARY
2018/09/24-08:42:25.484523 7f6520ea5700 SST files in testDispose//tmp/rdbfactorytest257 dir, Total Num: 0, files: 
2018/09/24-08:42:25.484528 7f6520ea5700 Write Ahead Log file in testDispose//tmp/rdbfactorytest257: 
2018/09/24-08:42:25.484532 7f6520ea5700                         Options.error_if_exists: 0
2018/09/24-08:42:25.484534 7f6520ea5700                       Options.create_if_missing: 1
2018/09/24-08:42:25.484536 7f6520ea5700                         Options.paranoid_checks: 1
2018/09/24-08:42:25.484538 7f6520ea5700                                     Options.env: 0x7f64eca48880
2018/09/24-08:42:25.484540 7f6520ea5700                                Options.info_log: 0x7f651928d4c0
2018/09/24-08:42:25.484542 7f6520ea5700                Options.max_file_opening_threads: 16
2018/09/24-08:42:25.484544 7f6520ea5700                               Options.use_fsync: 0
2018/09/24-08:42:25.484545 7f6520ea5700                       Options.max_log_file_size: 0
2018/09/24-08:42:25.484547 7f6520ea5700                  Options.max_manifest_file_size: 18446744073709551615
2018/09/24-08:42:25.484549 7f6520ea5700                   Options.log_file_time_to_roll: 0
2018/09/24-08:42:25.484551 7f6520ea5700                       Options.keep_log_file_num: 1000
2018/09/24-08:42:25.484553 7f6520ea5700                    Options.recycle_log_file_num: 0
2018/09/24-08:42:25.484555 7f6520ea5700                         Options.allow_fallocate: 1
2018/09/24-08:42:25.484557 7f6520ea5700                        Options.allow_mmap_reads: 0
2018/09/24-08:42:25.484559 7f6520ea5700                       Options.allow_mmap_writes: 0
2018/09/24-08:42:25.484560 7f6520ea5700                        Options.use_direct_reads: 0
2018/09/24-08:42:25.484562 7f6520ea5700                        Options.use_direct_io_for_flush_and_compaction: 0
2018/09/24-08:42:25.484564 7f6520ea5700          Options.create_missing_column_families: 0
2018/09/24-08:42:25.484566 7f6520ea5700                              Options.db_log_dir: 
2018/09/24-08:42:25.484568 7f6520ea5700                                 Options.wal_dir: testDispose//tmp/rdbfactorytest257
2018/09/24-08:42:25.484569 7f6520ea5700                Options.table_cache_numshardbits: 6
2018/09/24-08:42:25.484571 7f6520ea5700                      Options.max_subcompactions: 1
2018/09/24-08:42:25.484573 7f6520ea5700                  Options.max_background_flushes: -1
2018/09/24-08:42:25.484575 7f6520ea5700                         Options.WAL_ttl_seconds: 0
2018/09/24-08:42:25.484577 7f6520ea5700                       Options.WAL_size_limit_MB: 0
2018/09/24-08:42:25.484579 7f6520ea5700             Options.manifest_preallocation_size: 4194304
2018/09/24-08:42:25.484581 7f6520ea5700                     Options.is_fd_close_on_exec: 1
2018/09/24-08:42:25.484582 7f6520ea5700                   Options.advise_random_on_open: 1
2018/09/24-08:42:25.484584 7f6520ea5700                    Options.db_write_buffer_size: 0
2018/09/24-08:42:25.484586 7f6520ea5700         Options.access_hint_on_compaction_start: 1
2018/09/24-08:42:25.484589 7f6520ea5700  Options.new_table_reader_for_compaction_inputs: 0
2018/09/24-08:42:25.484592 7f6520ea5700               Options.compaction_readahead_size: 0
2018/09/24-08:42:25.484594 7f6520ea5700           Options.random_access_max_buffer_size: 1048576
2018/09/24-08:42:25.484597 7f6520ea5700           Options.writable_file_max_buffer_size: 1048576
2018/09/24-08:42:25.484600 7f6520ea5700                      Options.use_adaptive_mutex: 0
2018/09/24-08:42:25.484603 7f6520ea5700                            Options.rate_limiter: (nil)
2018/09/24-08:42:25.484606 7f6520ea5700     Options.sst_file_manager.rate_bytes_per_sec: 0
2018/09/24-08:42:25.484609 7f6520ea5700                          Options.bytes_per_sync: 0
2018/09/24-08:42:25.484611 7f6520ea5700                      Options.wal_bytes_per_sync: 0
2018/09/24-08:42:25.484614 7f6520ea5700                       Options.wal_recovery_mode: 2
2018/09/24-08:42:25.484640 7f6520ea5700                  Options.enable_thread_tracking: 0
2018/09/24-08:42:25.484644 7f6520ea5700                  Options.enable_pipelined_write: 0
2018/09/24-08:42:25.484647 7f6520ea5700         Options.allow_concurrent_memtable_write: 1
2018/09/24-08:42:25.484650 7f6520ea5700      Options.enable_write_thread_adaptive_yield: 1
2018/09/24-08:42:25.484652 7f6520ea5700             Options.write_thread_max_yield_usec: 100
2018/09/24-08:42:25.484655 7f6520ea5700            Options.write_thread_slow_yield_usec: 3
2018/09/24-08:42:25.484658 7f6520ea5700                               Options.row_cache: None
2018/09/24-08:42:25.484660 7f6520ea5700                              Options.wal_filter: None
2018/09/24-08:42:25.484663 7f6520ea5700             Options.avoid_flush_during_recovery: 0
2018/09/24-08:42:25.484666 7f6520ea5700             Options.allow_ingest_behind: 0
2018/09/24-08:42:25.484669 7f6520ea5700             Options.concurrent_prepare: 0
2018/09/24-08:42:25.484672 7f6520ea5700             Options.manual_wal_flush: 0
2018/09/24-08:42:25.484675 7f6520ea5700             Options.max_background_jobs: 2
2018/09/24-08:42:25.484678 7f6520ea5700             Options.max_background_compactions: -1
2018/09/24-08:42:25.484680 7f6520ea5700             Options.avoid_flush_during_shutdown: 0
2018/09/24-08:42:25.484683 7f6520ea5700             Options.delayed_write_rate : 16777216
2018/09/24-08:42:25.484686 7f6520ea5700             Options.max_total_wal_size: 0
2018/09/24-08:42:25.484689 7f6520ea5700             Options.delete_obsolete_files_period_micros: 21600000000
2018/09/24-08:42:25.484692 7f6520ea5700                   Options.stats_dump_period_sec: 600
2018/09/24-08:42:25.484695 7f6520ea5700                          Options.max_open_files: -1
2018/09/24-08:42:25.484698 7f6520ea5700 Compression algorithms supported:
2018/09/24-08:42:25.484701 7f6520ea5700 	Snappy supported: 1
2018/09/24-08:42:25.484704 7f6520ea5700 	Zlib supported: 1
2018/09/24-08:42:25.484707 7f6520ea5700 	Bzip supported: 1
2018/09/24-08:42:25.484710 7f6520ea5700 	LZ4 supported: 1
2018/09/24-08:42:25.484713 7f6520ea5700 	ZSTD supported: 1
2018/09/24-08:42:25.484716 7f6520ea5700 Fast CRC32 supported: 0
2018/09/24-08:42:25.484868 7f6520ea5700 [db/db_impl_open.cc:216] Creating manifest 1 
2018/09/24-08:42:25.658039 7f6520ea5700 [db/version_set.cc:2712] Recovering from manifest file: MANIFEST-000001
2018/09/24-08:42:25.658122 7f6520ea5700 [db/column_family.cc:413] --------------- Options for column family [default]:
2018/09/24-08:42:25.658127 7f6520ea5700               Options.comparator: leveldb.BytewiseComparator
2018/09/24-08:42:25.658130 7f6520ea5700           Options.merge_operator: None
2018/09/24-08:42:25.658132 7f6520ea5700        Options.compaction_filter: None
2018/09/24-08:42:25.658133 7f6520ea5700        Options.compaction_filter_factory: None
2018/09/24-08:42:25.658136 7f6520ea5700         Options.memtable_factory: SkipListFactory
2018/09/24-08:42:25.658138 7f6520ea5700            Options.table_factory: BlockBasedTable
2018/09/24-08:42:25.658179 7f6520ea5700            table_factory options:   flush_block_policy_factory: FlushBlockBySizePolicyFactory (0x7f651885eec0)
  cache_index_and_filter_blocks: 0
  cache_index_and_filter_blocks_with_high_priority: 0
  pin_l0_filter_and_index_blocks_in_cache: 0
  index_type: 2
  hash_index_allow_collision: 1
  checksum: 1
  no_block_cache: 0
  block_cache: 0x7f651885c9b8
  block_cache_name: LRUCache
  block_cache_options:
    capacity : 104857600
    num_shard_bits : 6
    strict_capacity_limit : 0
    high_pri_pool_ratio: 0.000
  block_cache_compressed: (nil)
  persistent_cache: (nil)
  block_size: 262144
  block_size_deviation: 10
  block_restart_interval: 16
  index_block_restart_interval: 1
  filter_policy: rocksdb.BuiltinBloomFilter
  whole_key_filtering: 1
  format_version: 0
2018/09/24-08:42:25.658185 7f6520ea5700        Options.write_buffer_size: 52428800
2018/09/24-08:42:25.658187 7f6520ea5700  Options.max_write_buffer_number: 2
2018/09/24-08:42:25.658251 7f6520ea5700          Options.compression: Snappy
2018/09/24-08:42:25.658258 7f6520ea5700                  Options.bottommost_compression: Disabled
2018/09/24-08:42:25.658262 7f6520ea5700       Options.prefix_extractor: rocksdb.FixedPrefix.4
2018/09/24-08:42:25.658265 7f6520ea5700   Options.memtable_insert_with_hint_prefix_extractor: nullptr
2018/09/24-08:42:25.658268 7f6520ea5700             Options.num_levels: 7
2018/09/24-08:42:25.658271 7f6520ea5700        Options.min_write_buffer_number_to_merge: 1
2018/09/24-08:42:25.658274 7f6520ea5700     Options.max_write_buffer_number_to_maintain: 0
2018/09/24-08:42:25.658276 7f6520ea5700            Options.compression_opts.window_bits: -14
2018/09/24-08:42:25.658278 7f6520ea5700                  Options.compression_opts.level: -1
2018/09/24-08:42:25.658280 7f6520ea5700               Options.compression_opts.strategy: 0
2018/09/24-08:42:25.658282 7f6520ea5700         Options.compression_opts.max_dict_bytes: 0
2018/09/24-08:42:25.658283 7f6520ea5700      Options.level0_file_num_compaction_trigger: 4
2018/09/24-08:42:25.658285 7f6520ea5700          Options.level0_slowdown_writes_trigger: 20
2018/09/24-08:42:25.658287 7f6520ea5700              Options.level0_stop_writes_trigger: 36
2018/09/24-08:42:25.658289 7f6520ea5700                   Options.target_file_size_base: 67108864
2018/09/24-08:42:25.658291 7f6520ea5700             Options.target_file_size_multiplier: 1
2018/09/24-08:42:25.658293 7f6520ea5700                Options.max_bytes_for_level_base: 268435456
2018/09/24-08:42:25.658295 7f6520ea5700 Options.level_compaction_dynamic_level_bytes: 0
2018/09/24-08:42:25.658297 7f6520ea5700          Options.max_bytes_for_level_multiplier: 10.000000
2018/09/24-08:42:25.658302 7f6520ea5700 Options.max_bytes_for_level_multiplier_addtl[0]: 1
2018/09/24-08:42:25.658304 7f6520ea5700 Options.max_bytes_for_level_multiplier_addtl[1]: 1
2018/09/24-08:42:25.658306 7f6520ea5700 Options.max_bytes_for_level_multiplier_addtl[2]: 1
2018/09/24-08:42:25.658308 7f6520ea5700 Options.max_bytes_for_level_multiplier_addtl[3]: 1
2018/09/24-08:42:25.658310 7f6520ea5700 Options.max_bytes_for_level_multiplier_addtl[4]: 1
2018/09/24-08:42:25.658312 7f6520ea5700 Options.max_bytes_for_level_multiplier_addtl[5]: 1
2018/09/24-08:42:25.658314 7f6520ea5700 Options.max_bytes_for_level_multiplier_addtl[6]: 1
2018/09/24-08:42:25.658316 7f6520ea5700       Options.max_sequential_skip_in_iterations: 8
2018/09/24-08:42:25.658317 7f6520ea5700                    Options.max_compaction_bytes: 1677721600
2018/09/24-08:42:25.658320 7f6520ea5700                        Options.arena_block_size: 6553600
2018/09/24-08:42:25.658321 7f6520ea5700   Options.soft_pending_compaction_bytes_limit: 68719476736
2018/09/24-08:42:25.658324 7f6520ea5700   Options.hard_pending_compaction_bytes_limit: 274877906944
2018/09/24-08:42:25.658326 7f6520ea5700       Options.rate_limit_delay_max_milliseconds: 100
2018/09/24-08:42:25.658328 7f6520ea5700                Options.disable_auto_compactions: 0
2018/09/24-08:42:25.658330 7f6520ea5700                        Options.compaction_style: kCompactionStyleLevel
2018/09/24-08:42:25.658332 7f6520ea5700                          Options.compaction_pri: kByCompensatedSize
2018/09/24-08:42:25.658334 7f6520ea5700 Options.compaction_options_universal.size_ratio: 1
2018/09/24-08:42:25.658336 7f6520ea5700 Options.compaction_options_universal.min_merge_width: 2
2018/09/24-08:42:25.658338 7f6520ea5700 Options.compaction_options_universal.max_merge_width: 4294967295
2018/09/24-08:42:25.658340 7f6520ea5700 Options.compaction_options_universal.max_size_amplification_percent: 200
2018/09/24-08:42:25.658342 7f6520ea5700 Options.compaction_options_universal.compression_size_percent: -1
2018/09/24-08:42:25.658344 7f6520ea5700 Options.compaction_options_universal.stop_style: kCompactionStopStyleTotalSize
2018/09/24-08:42:25.658346 7f6520ea5700 Options.compaction_options_fifo.max_table_files_size: 1073741824
2018/09/24-08:42:25.658348 7f6520ea5700 Options.compaction_options_fifo.allow_compaction: 0
2018/09/24-08:42:25.658373 7f6520ea5700 Options.compaction_options_fifo.ttl: 0
2018/09/24-08:42:25.658377 7f6520ea5700                   Options.table_properties_collectors: 
2018/09/24-08:42:25.658379 7f6520ea5700                   Options.inplace_update_support: 0
2018/09/24-08:42:25.658381 7f6520ea5700                 Options.inplace_update_num_locks: 10000
2018/09/24-08:42:25.658382 7f6520ea5700               Options.memtable_prefix_bloom_size_ratio: 0.000000
2018/09/24-08:42:25.658385 7f6520ea5700   Options.memtable_huge_page_size: 0
2018/09/24-08:42:25.658387 7f6520ea5700                           Options.bloom_locality: 0
2018/09/24-08:42:25.658389 7f6520ea5700                    Options.max_successive_merges: 0
2018/09/24-08:42:25.658391 7f6520ea5700                Options.optimize_filters_for_hits: 0
2018/09/24-08:42:25.658393 7f6520ea5700                Options.paranoid_file_checks: 0
2018/09/24-08:42:25.658395 7f6520ea5700                Options.force_consistency_checks: 0
2018/09/24-08:42:25.658397 7f6520ea5700                Options.report_bg_io_stats: 0
2018/09/24-08:42:25.659438 7f6520ea5700 [db/version_set.cc:2969] Recovered from manifest file:testDispose//tmp/rdbfactorytest257/MANIFEST-000001 succeeded,manifest_file_number is 1, next_file_number is 3, last_sequence is 0, log_number is 0,prev_log_number is 0,max_column_family is 0
2018/09/24-08:42:25.659445 7f6520ea5700 [db/version_set.cc:2977] Column family [default] (ID 0), log number is 0
2018/09/24-08:42:25.775309 7f6520ea5700 [db/db_impl_open.cc:1111] DB pointer 0x7f65193335a0
2018/09/24-08:43:11.048955 7f64d81b8700 [db/db_impl.cc:222] Shutdown: canceling all background work
2018/09/24-08:43:11.049071 7f64d81b8700 [db/db_impl.cc:348] Shutdown complete
