2018/09/11-10:46:24.367476 7fcf02fb6700 RocksDB version: 5.7.3
2018/09/11-10:46:24.367517 7fcf02fb6700 Git sha rocksdb_build_git_sha:
2018/09/11-10:46:24.367521 7fcf02fb6700 Compile date Sep  1 2017
2018/09/11-10:46:24.367524 7fcf02fb6700 DB SUMMARY
2018/09/11-10:46:24.367563 7fcf02fb6700 SST files in testDispose//tmp/rdbfactorytest245 dir, Total Num: 0, files: 
2018/09/11-10:46:24.367568 7fcf02fb6700 Write Ahead Log file in testDispose//tmp/rdbfactorytest245: 
2018/09/11-10:46:24.367571 7fcf02fb6700                         Options.error_if_exists: 0
2018/09/11-10:46:24.367573 7fcf02fb6700                       Options.create_if_missing: 1
2018/09/11-10:46:24.367575 7fcf02fb6700                         Options.paranoid_checks: 1
2018/09/11-10:46:24.367577 7fcf02fb6700                                     Options.env: 0x7fceceb59880
2018/09/11-10:46:24.367579 7fcf02fb6700                                Options.info_log: 0x7fcefd2a3f90
2018/09/11-10:46:24.367581 7fcf02fb6700                Options.max_file_opening_threads: 16
2018/09/11-10:46:24.367583 7fcf02fb6700                               Options.use_fsync: 0
2018/09/11-10:46:24.367584 7fcf02fb6700                       Options.max_log_file_size: 0
2018/09/11-10:46:24.367586 7fcf02fb6700                  Options.max_manifest_file_size: 18446744073709551615
2018/09/11-10:46:24.367588 7fcf02fb6700                   Options.log_file_time_to_roll: 0
2018/09/11-10:46:24.367590 7fcf02fb6700                       Options.keep_log_file_num: 1000
2018/09/11-10:46:24.367592 7fcf02fb6700                    Options.recycle_log_file_num: 0
2018/09/11-10:46:24.367594 7fcf02fb6700                         Options.allow_fallocate: 1
2018/09/11-10:46:24.367596 7fcf02fb6700                        Options.allow_mmap_reads: 0
2018/09/11-10:46:24.367598 7fcf02fb6700                       Options.allow_mmap_writes: 0
2018/09/11-10:46:24.367599 7fcf02fb6700                        Options.use_direct_reads: 0
2018/09/11-10:46:24.367601 7fcf02fb6700                        Options.use_direct_io_for_flush_and_compaction: 0
2018/09/11-10:46:24.367603 7fcf02fb6700          Options.create_missing_column_families: 0
2018/09/11-10:46:24.367605 7fcf02fb6700                              Options.db_log_dir: 
2018/09/11-10:46:24.367607 7fcf02fb6700                                 Options.wal_dir: testDispose//tmp/rdbfactorytest245
2018/09/11-10:46:24.367609 7fcf02fb6700                Options.table_cache_numshardbits: 6
2018/09/11-10:46:24.367611 7fcf02fb6700                      Options.max_subcompactions: 1
2018/09/11-10:46:24.367612 7fcf02fb6700                  Options.max_background_flushes: -1
2018/09/11-10:46:24.367614 7fcf02fb6700                         Options.WAL_ttl_seconds: 0
2018/09/11-10:46:24.367616 7fcf02fb6700                       Options.WAL_size_limit_MB: 0
2018/09/11-10:46:24.367618 7fcf02fb6700             Options.manifest_preallocation_size: 4194304
2018/09/11-10:46:24.367620 7fcf02fb6700                     Options.is_fd_close_on_exec: 1
2018/09/11-10:46:24.367622 7fcf02fb6700                   Options.advise_random_on_open: 1
2018/09/11-10:46:24.367624 7fcf02fb6700                    Options.db_write_buffer_size: 0
2018/09/11-10:46:24.367626 7fcf02fb6700         Options.access_hint_on_compaction_start: 1
2018/09/11-10:46:24.367628 7fcf02fb6700  Options.new_table_reader_for_compaction_inputs: 0
2018/09/11-10:46:24.367629 7fcf02fb6700               Options.compaction_readahead_size: 0
2018/09/11-10:46:24.367631 7fcf02fb6700           Options.random_access_max_buffer_size: 1048576
2018/09/11-10:46:24.367633 7fcf02fb6700           Options.writable_file_max_buffer_size: 1048576
2018/09/11-10:46:24.367635 7fcf02fb6700                      Options.use_adaptive_mutex: 0
2018/09/11-10:46:24.367637 7fcf02fb6700                            Options.rate_limiter: (nil)
2018/09/11-10:46:24.367639 7fcf02fb6700     Options.sst_file_manager.rate_bytes_per_sec: 0
2018/09/11-10:46:24.367641 7fcf02fb6700                          Options.bytes_per_sync: 0
2018/09/11-10:46:24.367643 7fcf02fb6700                      Options.wal_bytes_per_sync: 0
2018/09/11-10:46:24.367645 7fcf02fb6700                       Options.wal_recovery_mode: 2
2018/09/11-10:46:24.367665 7fcf02fb6700                  Options.enable_thread_tracking: 0
2018/09/11-10:46:24.367668 7fcf02fb6700                  Options.enable_pipelined_write: 0
2018/09/11-10:46:24.367670 7fcf02fb6700         Options.allow_concurrent_memtable_write: 1
2018/09/11-10:46:24.367672 7fcf02fb6700      Options.enable_write_thread_adaptive_yield: 1
2018/09/11-10:46:24.367674 7fcf02fb6700             Options.write_thread_max_yield_usec: 100
2018/09/11-10:46:24.367676 7fcf02fb6700            Options.write_thread_slow_yield_usec: 3
2018/09/11-10:46:24.367678 7fcf02fb6700                               Options.row_cache: None
2018/09/11-10:46:24.367679 7fcf02fb6700                              Options.wal_filter: None
2018/09/11-10:46:24.367681 7fcf02fb6700             Options.avoid_flush_during_recovery: 0
2018/09/11-10:46:24.367683 7fcf02fb6700             Options.allow_ingest_behind: 0
2018/09/11-10:46:24.367685 7fcf02fb6700             Options.concurrent_prepare: 0
2018/09/11-10:46:24.367687 7fcf02fb6700             Options.manual_wal_flush: 0
2018/09/11-10:46:24.367689 7fcf02fb6700             Options.max_background_jobs: 2
2018/09/11-10:46:24.367691 7fcf02fb6700             Options.max_background_compactions: -1
2018/09/11-10:46:24.367693 7fcf02fb6700             Options.avoid_flush_during_shutdown: 0
2018/09/11-10:46:24.367695 7fcf02fb6700             Options.delayed_write_rate : 16777216
2018/09/11-10:46:24.367697 7fcf02fb6700             Options.max_total_wal_size: 0
2018/09/11-10:46:24.367699 7fcf02fb6700             Options.delete_obsolete_files_period_micros: 21600000000
2018/09/11-10:46:24.367701 7fcf02fb6700                   Options.stats_dump_period_sec: 600
2018/09/11-10:46:24.367703 7fcf02fb6700                          Options.max_open_files: -1
2018/09/11-10:46:24.367705 7fcf02fb6700 Compression algorithms supported:
2018/09/11-10:46:24.367707 7fcf02fb6700 	Snappy supported: 1
2018/09/11-10:46:24.367709 7fcf02fb6700 	Zlib supported: 1
2018/09/11-10:46:24.367710 7fcf02fb6700 	Bzip supported: 1
2018/09/11-10:46:24.367712 7fcf02fb6700 	LZ4 supported: 1
2018/09/11-10:46:24.367715 7fcf02fb6700 	ZSTD supported: 1
2018/09/11-10:46:24.367717 7fcf02fb6700 Fast CRC32 supported: 0
2018/09/11-10:46:24.367821 7fcf02fb6700 [db/db_impl_open.cc:216] Creating manifest 1 
2018/09/11-10:46:24.574418 7fcf02fb6700 [db/version_set.cc:2712] Recovering from manifest file: MANIFEST-000001
2018/09/11-10:46:24.574495 7fcf02fb6700 [db/column_family.cc:413] --------------- Options for column family [default]:
2018/09/11-10:46:24.574501 7fcf02fb6700               Options.comparator: leveldb.BytewiseComparator
2018/09/11-10:46:24.574503 7fcf02fb6700           Options.merge_operator: None
2018/09/11-10:46:24.574505 7fcf02fb6700        Options.compaction_filter: None
2018/09/11-10:46:24.574507 7fcf02fb6700        Options.compaction_filter_factory: None
2018/09/11-10:46:24.574509 7fcf02fb6700         Options.memtable_factory: SkipListFactory
2018/09/11-10:46:24.574511 7fcf02fb6700            Options.table_factory: BlockBasedTable
2018/09/11-10:46:24.574544 7fcf02fb6700            table_factory options:   flush_block_policy_factory: FlushBlockBySizePolicyFactory (0x7fcefc860ad0)
  cache_index_and_filter_blocks: 0
  cache_index_and_filter_blocks_with_high_priority: 0
  pin_l0_filter_and_index_blocks_in_cache: 0
  index_type: 2
  hash_index_allow_collision: 1
  checksum: 1
  no_block_cache: 0
  block_cache: 0x7fcefc82c458
  block_cache_name: LRUCache
  block_cache_options:
    capacity : 104857600
    num_shard_bits : 6
    strict_capacity_limit : 0
    high_pri_pool_ratio: 0.000
  block_cache_compressed: (nil)
  persistent_cache: (nil)
  block_size: 262144
  block_size_deviation: 10
  block_restart_interval: 16
  index_block_restart_interval: 1
  filter_policy: rocksdb.BuiltinBloomFilter
  whole_key_filtering: 1
  format_version: 0
2018/09/11-10:46:24.574550 7fcf02fb6700        Options.write_buffer_size: 52428800
2018/09/11-10:46:24.574552 7fcf02fb6700  Options.max_write_buffer_number: 2
2018/09/11-10:46:24.574584 7fcf02fb6700          Options.compression: Snappy
2018/09/11-10:46:24.574588 7fcf02fb6700                  Options.bottommost_compression: Disabled
2018/09/11-10:46:24.574591 7fcf02fb6700       Options.prefix_extractor: rocksdb.FixedPrefix.4
2018/09/11-10:46:24.574593 7fcf02fb6700   Options.memtable_insert_with_hint_prefix_extractor: nullptr
2018/09/11-10:46:24.574595 7fcf02fb6700             Options.num_levels: 7
2018/09/11-10:46:24.574596 7fcf02fb6700        Options.min_write_buffer_number_to_merge: 1
2018/09/11-10:46:24.574598 7fcf02fb6700     Options.max_write_buffer_number_to_maintain: 0
2018/09/11-10:46:24.574600 7fcf02fb6700            Options.compression_opts.window_bits: -14
2018/09/11-10:46:24.574601 7fcf02fb6700                  Options.compression_opts.level: -1
2018/09/11-10:46:24.574603 7fcf02fb6700               Options.compression_opts.strategy: 0
2018/09/11-10:46:24.574605 7fcf02fb6700         Options.compression_opts.max_dict_bytes: 0
2018/09/11-10:46:24.574607 7fcf02fb6700      Options.level0_file_num_compaction_trigger: 4
2018/09/11-10:46:24.574608 7fcf02fb6700          Options.level0_slowdown_writes_trigger: 20
2018/09/11-10:46:24.574610 7fcf02fb6700              Options.level0_stop_writes_trigger: 36
2018/09/11-10:46:24.574612 7fcf02fb6700                   Options.target_file_size_base: 67108864
2018/09/11-10:46:24.574614 7fcf02fb6700             Options.target_file_size_multiplier: 1
2018/09/11-10:46:24.574616 7fcf02fb6700                Options.max_bytes_for_level_base: 268435456
2018/09/11-10:46:24.574618 7fcf02fb6700 Options.level_compaction_dynamic_level_bytes: 0
2018/09/11-10:46:24.574620 7fcf02fb6700          Options.max_bytes_for_level_multiplier: 10.000000
2018/09/11-10:46:24.574624 7fcf02fb6700 Options.max_bytes_for_level_multiplier_addtl[0]: 1
2018/09/11-10:46:24.574627 7fcf02fb6700 Options.max_bytes_for_level_multiplier_addtl[1]: 1
2018/09/11-10:46:24.574629 7fcf02fb6700 Options.max_bytes_for_level_multiplier_addtl[2]: 1
2018/09/11-10:46:24.574631 7fcf02fb6700 Options.max_bytes_for_level_multiplier_addtl[3]: 1
2018/09/11-10:46:24.574632 7fcf02fb6700 Options.max_bytes_for_level_multiplier_addtl[4]: 1
2018/09/11-10:46:24.574634 7fcf02fb6700 Options.max_bytes_for_level_multiplier_addtl[5]: 1
2018/09/11-10:46:24.574636 7fcf02fb6700 Options.max_bytes_for_level_multiplier_addtl[6]: 1
2018/09/11-10:46:24.574638 7fcf02fb6700       Options.max_sequential_skip_in_iterations: 8
2018/09/11-10:46:24.574639 7fcf02fb6700                    Options.max_compaction_bytes: 1677721600
2018/09/11-10:46:24.574641 7fcf02fb6700                        Options.arena_block_size: 6553600
2018/09/11-10:46:24.574643 7fcf02fb6700   Options.soft_pending_compaction_bytes_limit: 68719476736
2018/09/11-10:46:24.574645 7fcf02fb6700   Options.hard_pending_compaction_bytes_limit: 274877906944
2018/09/11-10:46:24.574647 7fcf02fb6700       Options.rate_limit_delay_max_milliseconds: 100
2018/09/11-10:46:24.574648 7fcf02fb6700                Options.disable_auto_compactions: 0
2018/09/11-10:46:24.574651 7fcf02fb6700                        Options.compaction_style: kCompactionStyleLevel
2018/09/11-10:46:24.574653 7fcf02fb6700                          Options.compaction_pri: kByCompensatedSize
2018/09/11-10:46:24.574655 7fcf02fb6700 Options.compaction_options_universal.size_ratio: 1
2018/09/11-10:46:24.574657 7fcf02fb6700 Options.compaction_options_universal.min_merge_width: 2
2018/09/11-10:46:24.574659 7fcf02fb6700 Options.compaction_options_universal.max_merge_width: 4294967295
2018/09/11-10:46:24.574661 7fcf02fb6700 Options.compaction_options_universal.max_size_amplification_percent: 200
2018/09/11-10:46:24.574663 7fcf02fb6700 Options.compaction_options_universal.compression_size_percent: -1
2018/09/11-10:46:24.574665 7fcf02fb6700 Options.compaction_options_universal.stop_style: kCompactionStopStyleTotalSize
2018/09/11-10:46:24.574667 7fcf02fb6700 Options.compaction_options_fifo.max_table_files_size: 1073741824
2018/09/11-10:46:24.574669 7fcf02fb6700 Options.compaction_options_fifo.allow_compaction: 0
2018/09/11-10:46:24.574690 7fcf02fb6700 Options.compaction_options_fifo.ttl: 0
2018/09/11-10:46:24.574694 7fcf02fb6700                   Options.table_properties_collectors: 
2018/09/11-10:46:24.574696 7fcf02fb6700                   Options.inplace_update_support: 0
2018/09/11-10:46:24.574697 7fcf02fb6700                 Options.inplace_update_num_locks: 10000
2018/09/11-10:46:24.574699 7fcf02fb6700               Options.memtable_prefix_bloom_size_ratio: 0.000000
2018/09/11-10:46:24.574702 7fcf02fb6700   Options.memtable_huge_page_size: 0
2018/09/11-10:46:24.574704 7fcf02fb6700                           Options.bloom_locality: 0
2018/09/11-10:46:24.574706 7fcf02fb6700                    Options.max_successive_merges: 0
2018/09/11-10:46:24.574707 7fcf02fb6700                Options.optimize_filters_for_hits: 0
2018/09/11-10:46:24.574709 7fcf02fb6700                Options.paranoid_file_checks: 0
2018/09/11-10:46:24.574711 7fcf02fb6700                Options.force_consistency_checks: 0
2018/09/11-10:46:24.574713 7fcf02fb6700                Options.report_bg_io_stats: 0
2018/09/11-10:46:24.575596 7fcf02fb6700 [db/version_set.cc:2969] Recovered from manifest file:testDispose//tmp/rdbfactorytest245/MANIFEST-000001 succeeded,manifest_file_number is 1, next_file_number is 3, last_sequence is 0, log_number is 0,prev_log_number is 0,max_column_family is 0
2018/09/11-10:46:24.575605 7fcf02fb6700 [db/version_set.cc:2977] Column family [default] (ID 0), log number is 0
2018/09/11-10:46:24.700001 7fcf02fb6700 [db/db_impl_open.cc:1111] DB pointer 0x7fcefd2a7f40
2018/09/11-10:47:21.099131 7fcecdec9700 [db/db_impl.cc:222] Shutdown: canceling all background work
2018/09/11-10:47:21.099263 7fcecdec9700 [db/db_impl.cc:348] Shutdown complete
