2018/09/24-08:42:24.400293 7f6520ea5700 RocksDB version: 5.7.3
2018/09/24-08:42:24.400346 7f6520ea5700 Git sha rocksdb_build_git_sha:
2018/09/24-08:42:24.400351 7f6520ea5700 Compile date Sep  1 2017
2018/09/24-08:42:24.400353 7f6520ea5700 DB SUMMARY
2018/09/24-08:42:24.400402 7f6520ea5700 SST files in testDispose//tmp/rdbfactorytest253 dir, Total Num: 0, files: 
2018/09/24-08:42:24.400407 7f6520ea5700 Write Ahead Log file in testDispose//tmp/rdbfactorytest253: 
2018/09/24-08:42:24.400410 7f6520ea5700                         Options.error_if_exists: 0
2018/09/24-08:42:24.400412 7f6520ea5700                       Options.create_if_missing: 1
2018/09/24-08:42:24.400414 7f6520ea5700                         Options.paranoid_checks: 1
2018/09/24-08:42:24.400416 7f6520ea5700                                     Options.env: 0x7f64eca48880
2018/09/24-08:42:24.400418 7f6520ea5700                                Options.info_log: 0x7f65192bc820
2018/09/24-08:42:24.400420 7f6520ea5700                Options.max_file_opening_threads: 16
2018/09/24-08:42:24.400422 7f6520ea5700                               Options.use_fsync: 0
2018/09/24-08:42:24.400424 7f6520ea5700                       Options.max_log_file_size: 0
2018/09/24-08:42:24.400426 7f6520ea5700                  Options.max_manifest_file_size: 18446744073709551615
2018/09/24-08:42:24.400428 7f6520ea5700                   Options.log_file_time_to_roll: 0
2018/09/24-08:42:24.400430 7f6520ea5700                       Options.keep_log_file_num: 1000
2018/09/24-08:42:24.400432 7f6520ea5700                    Options.recycle_log_file_num: 0
2018/09/24-08:42:24.400434 7f6520ea5700                         Options.allow_fallocate: 1
2018/09/24-08:42:24.400436 7f6520ea5700                        Options.allow_mmap_reads: 0
2018/09/24-08:42:24.400437 7f6520ea5700                       Options.allow_mmap_writes: 0
2018/09/24-08:42:24.400439 7f6520ea5700                        Options.use_direct_reads: 0
2018/09/24-08:42:24.400441 7f6520ea5700                        Options.use_direct_io_for_flush_and_compaction: 0
2018/09/24-08:42:24.400443 7f6520ea5700          Options.create_missing_column_families: 0
2018/09/24-08:42:24.400445 7f6520ea5700                              Options.db_log_dir: 
2018/09/24-08:42:24.400446 7f6520ea5700                                 Options.wal_dir: testDispose//tmp/rdbfactorytest253
2018/09/24-08:42:24.400448 7f6520ea5700                Options.table_cache_numshardbits: 6
2018/09/24-08:42:24.400450 7f6520ea5700                      Options.max_subcompactions: 1
2018/09/24-08:42:24.400452 7f6520ea5700                  Options.max_background_flushes: -1
2018/09/24-08:42:24.400454 7f6520ea5700                         Options.WAL_ttl_seconds: 0
2018/09/24-08:42:24.400456 7f6520ea5700                       Options.WAL_size_limit_MB: 0
2018/09/24-08:42:24.400457 7f6520ea5700             Options.manifest_preallocation_size: 4194304
2018/09/24-08:42:24.400459 7f6520ea5700                     Options.is_fd_close_on_exec: 1
2018/09/24-08:42:24.400461 7f6520ea5700                   Options.advise_random_on_open: 1
2018/09/24-08:42:24.400463 7f6520ea5700                    Options.db_write_buffer_size: 0
2018/09/24-08:42:24.400465 7f6520ea5700         Options.access_hint_on_compaction_start: 1
2018/09/24-08:42:24.400467 7f6520ea5700  Options.new_table_reader_for_compaction_inputs: 0
2018/09/24-08:42:24.400468 7f6520ea5700               Options.compaction_readahead_size: 0
2018/09/24-08:42:24.400470 7f6520ea5700           Options.random_access_max_buffer_size: 1048576
2018/09/24-08:42:24.400472 7f6520ea5700           Options.writable_file_max_buffer_size: 1048576
2018/09/24-08:42:24.400474 7f6520ea5700                      Options.use_adaptive_mutex: 0
2018/09/24-08:42:24.400476 7f6520ea5700                            Options.rate_limiter: (nil)
2018/09/24-08:42:24.400478 7f6520ea5700     Options.sst_file_manager.rate_bytes_per_sec: 0
2018/09/24-08:42:24.400480 7f6520ea5700                          Options.bytes_per_sync: 0
2018/09/24-08:42:24.400482 7f6520ea5700                      Options.wal_bytes_per_sync: 0
2018/09/24-08:42:24.400483 7f6520ea5700                       Options.wal_recovery_mode: 2
2018/09/24-08:42:24.400505 7f6520ea5700                  Options.enable_thread_tracking: 0
2018/09/24-08:42:24.400508 7f6520ea5700                  Options.enable_pipelined_write: 0
2018/09/24-08:42:24.400510 7f6520ea5700         Options.allow_concurrent_memtable_write: 1
2018/09/24-08:42:24.400512 7f6520ea5700      Options.enable_write_thread_adaptive_yield: 1
2018/09/24-08:42:24.400514 7f6520ea5700             Options.write_thread_max_yield_usec: 100
2018/09/24-08:42:24.400515 7f6520ea5700            Options.write_thread_slow_yield_usec: 3
2018/09/24-08:42:24.400517 7f6520ea5700                               Options.row_cache: None
2018/09/24-08:42:24.400519 7f6520ea5700                              Options.wal_filter: None
2018/09/24-08:42:24.400521 7f6520ea5700             Options.avoid_flush_during_recovery: 0
2018/09/24-08:42:24.400523 7f6520ea5700             Options.allow_ingest_behind: 0
2018/09/24-08:42:24.400525 7f6520ea5700             Options.concurrent_prepare: 0
2018/09/24-08:42:24.400527 7f6520ea5700             Options.manual_wal_flush: 0
2018/09/24-08:42:24.400529 7f6520ea5700             Options.max_background_jobs: 2
2018/09/24-08:42:24.400531 7f6520ea5700             Options.max_background_compactions: -1
2018/09/24-08:42:24.400533 7f6520ea5700             Options.avoid_flush_during_shutdown: 0
2018/09/24-08:42:24.400534 7f6520ea5700             Options.delayed_write_rate : 16777216
2018/09/24-08:42:24.400536 7f6520ea5700             Options.max_total_wal_size: 0
2018/09/24-08:42:24.400538 7f6520ea5700             Options.delete_obsolete_files_period_micros: 21600000000
2018/09/24-08:42:24.400540 7f6520ea5700                   Options.stats_dump_period_sec: 600
2018/09/24-08:42:24.400542 7f6520ea5700                          Options.max_open_files: -1
2018/09/24-08:42:24.400544 7f6520ea5700 Compression algorithms supported:
2018/09/24-08:42:24.400546 7f6520ea5700 	Snappy supported: 1
2018/09/24-08:42:24.400548 7f6520ea5700 	Zlib supported: 1
2018/09/24-08:42:24.400550 7f6520ea5700 	Bzip supported: 1
2018/09/24-08:42:24.400552 7f6520ea5700 	LZ4 supported: 1
2018/09/24-08:42:24.400554 7f6520ea5700 	ZSTD supported: 1
2018/09/24-08:42:24.400556 7f6520ea5700 Fast CRC32 supported: 0
2018/09/24-08:42:24.400683 7f6520ea5700 [db/db_impl_open.cc:216] Creating manifest 1 
2018/09/24-08:42:24.541362 7f6520ea5700 [db/version_set.cc:2712] Recovering from manifest file: MANIFEST-000001
2018/09/24-08:42:24.541438 7f6520ea5700 [db/column_family.cc:413] --------------- Options for column family [default]:
2018/09/24-08:42:24.541443 7f6520ea5700               Options.comparator: leveldb.BytewiseComparator
2018/09/24-08:42:24.541446 7f6520ea5700           Options.merge_operator: None
2018/09/24-08:42:24.541448 7f6520ea5700        Options.compaction_filter: None
2018/09/24-08:42:24.541449 7f6520ea5700        Options.compaction_filter_factory: None
2018/09/24-08:42:24.541452 7f6520ea5700         Options.memtable_factory: SkipListFactory
2018/09/24-08:42:24.541454 7f6520ea5700            Options.table_factory: BlockBasedTable
2018/09/24-08:42:24.541490 7f6520ea5700            table_factory options:   flush_block_policy_factory: FlushBlockBySizePolicyFactory (0x7f651885eec0)
  cache_index_and_filter_blocks: 0
  cache_index_and_filter_blocks_with_high_priority: 0
  pin_l0_filter_and_index_blocks_in_cache: 0
  index_type: 2
  hash_index_allow_collision: 1
  checksum: 1
  no_block_cache: 0
  block_cache: 0x7f651885c9b8
  block_cache_name: LRUCache
  block_cache_options:
    capacity : 104857600
    num_shard_bits : 6
    strict_capacity_limit : 0
    high_pri_pool_ratio: 0.000
  block_cache_compressed: (nil)
  persistent_cache: (nil)
  block_size: 262144
  block_size_deviation: 10
  block_restart_interval: 16
  index_block_restart_interval: 1
  filter_policy: rocksdb.BuiltinBloomFilter
  whole_key_filtering: 1
  format_version: 0
2018/09/24-08:42:24.541496 7f6520ea5700        Options.write_buffer_size: 52428800
2018/09/24-08:42:24.541498 7f6520ea5700  Options.max_write_buffer_number: 2
2018/09/24-08:42:24.541526 7f6520ea5700          Options.compression: Snappy
2018/09/24-08:42:24.541530 7f6520ea5700                  Options.bottommost_compression: Disabled
2018/09/24-08:42:24.541532 7f6520ea5700       Options.prefix_extractor: rocksdb.FixedPrefix.4
2018/09/24-08:42:24.541534 7f6520ea5700   Options.memtable_insert_with_hint_prefix_extractor: nullptr
2018/09/24-08:42:24.541536 7f6520ea5700             Options.num_levels: 7
2018/09/24-08:42:24.541538 7f6520ea5700        Options.min_write_buffer_number_to_merge: 1
2018/09/24-08:42:24.541540 7f6520ea5700     Options.max_write_buffer_number_to_maintain: 0
2018/09/24-08:42:24.541542 7f6520ea5700            Options.compression_opts.window_bits: -14
2018/09/24-08:42:24.541544 7f6520ea5700                  Options.compression_opts.level: -1
2018/09/24-08:42:24.541545 7f6520ea5700               Options.compression_opts.strategy: 0
2018/09/24-08:42:24.541547 7f6520ea5700         Options.compression_opts.max_dict_bytes: 0
2018/09/24-08:42:24.541549 7f6520ea5700      Options.level0_file_num_compaction_trigger: 4
2018/09/24-08:42:24.541551 7f6520ea5700          Options.level0_slowdown_writes_trigger: 20
2018/09/24-08:42:24.541553 7f6520ea5700              Options.level0_stop_writes_trigger: 36
2018/09/24-08:42:24.541555 7f6520ea5700                   Options.target_file_size_base: 67108864
2018/09/24-08:42:24.541557 7f6520ea5700             Options.target_file_size_multiplier: 1
2018/09/24-08:42:24.541559 7f6520ea5700                Options.max_bytes_for_level_base: 268435456
2018/09/24-08:42:24.541561 7f6520ea5700 Options.level_compaction_dynamic_level_bytes: 0
2018/09/24-08:42:24.541563 7f6520ea5700          Options.max_bytes_for_level_multiplier: 10.000000
2018/09/24-08:42:24.541568 7f6520ea5700 Options.max_bytes_for_level_multiplier_addtl[0]: 1
2018/09/24-08:42:24.541570 7f6520ea5700 Options.max_bytes_for_level_multiplier_addtl[1]: 1
2018/09/24-08:42:24.541572 7f6520ea5700 Options.max_bytes_for_level_multiplier_addtl[2]: 1
2018/09/24-08:42:24.541574 7f6520ea5700 Options.max_bytes_for_level_multiplier_addtl[3]: 1
2018/09/24-08:42:24.541576 7f6520ea5700 Options.max_bytes_for_level_multiplier_addtl[4]: 1
2018/09/24-08:42:24.541578 7f6520ea5700 Options.max_bytes_for_level_multiplier_addtl[5]: 1
2018/09/24-08:42:24.541579 7f6520ea5700 Options.max_bytes_for_level_multiplier_addtl[6]: 1
2018/09/24-08:42:24.541581 7f6520ea5700       Options.max_sequential_skip_in_iterations: 8
2018/09/24-08:42:24.541583 7f6520ea5700                    Options.max_compaction_bytes: 1677721600
2018/09/24-08:42:24.541585 7f6520ea5700                        Options.arena_block_size: 6553600
2018/09/24-08:42:24.541587 7f6520ea5700   Options.soft_pending_compaction_bytes_limit: 68719476736
2018/09/24-08:42:24.541589 7f6520ea5700   Options.hard_pending_compaction_bytes_limit: 274877906944
2018/09/24-08:42:24.541592 7f6520ea5700       Options.rate_limit_delay_max_milliseconds: 100
2018/09/24-08:42:24.541593 7f6520ea5700                Options.disable_auto_compactions: 0
2018/09/24-08:42:24.541596 7f6520ea5700                        Options.compaction_style: kCompactionStyleLevel
2018/09/24-08:42:24.541598 7f6520ea5700                          Options.compaction_pri: kByCompensatedSize
2018/09/24-08:42:24.541600 7f6520ea5700 Options.compaction_options_universal.size_ratio: 1
2018/09/24-08:42:24.541602 7f6520ea5700 Options.compaction_options_universal.min_merge_width: 2
2018/09/24-08:42:24.541604 7f6520ea5700 Options.compaction_options_universal.max_merge_width: 4294967295
2018/09/24-08:42:24.541606 7f6520ea5700 Options.compaction_options_universal.max_size_amplification_percent: 200
2018/09/24-08:42:24.541608 7f6520ea5700 Options.compaction_options_universal.compression_size_percent: -1
2018/09/24-08:42:24.541610 7f6520ea5700 Options.compaction_options_universal.stop_style: kCompactionStopStyleTotalSize
2018/09/24-08:42:24.541612 7f6520ea5700 Options.compaction_options_fifo.max_table_files_size: 1073741824
2018/09/24-08:42:24.541614 7f6520ea5700 Options.compaction_options_fifo.allow_compaction: 0
2018/09/24-08:42:24.541637 7f6520ea5700 Options.compaction_options_fifo.ttl: 0
2018/09/24-08:42:24.541640 7f6520ea5700                   Options.table_properties_collectors: 
2018/09/24-08:42:24.541643 7f6520ea5700                   Options.inplace_update_support: 0
2018/09/24-08:42:24.541644 7f6520ea5700                 Options.inplace_update_num_locks: 10000
2018/09/24-08:42:24.541646 7f6520ea5700               Options.memtable_prefix_bloom_size_ratio: 0.000000
2018/09/24-08:42:24.541649 7f6520ea5700   Options.memtable_huge_page_size: 0
2018/09/24-08:42:24.541651 7f6520ea5700                           Options.bloom_locality: 0
2018/09/24-08:42:24.541653 7f6520ea5700                    Options.max_successive_merges: 0
2018/09/24-08:42:24.541655 7f6520ea5700                Options.optimize_filters_for_hits: 0
2018/09/24-08:42:24.541657 7f6520ea5700                Options.paranoid_file_checks: 0
2018/09/24-08:42:24.541659 7f6520ea5700                Options.force_consistency_checks: 0
2018/09/24-08:42:24.541661 7f6520ea5700                Options.report_bg_io_stats: 0
2018/09/24-08:42:24.542638 7f6520ea5700 [db/version_set.cc:2969] Recovered from manifest file:testDispose//tmp/rdbfactorytest253/MANIFEST-000001 succeeded,manifest_file_number is 1, next_file_number is 3, last_sequence is 0, log_number is 0,prev_log_number is 0,max_column_family is 0
2018/09/24-08:42:24.542646 7f6520ea5700 [db/version_set.cc:2977] Column family [default] (ID 0), log number is 0
2018/09/24-08:42:24.666938 7f6520ea5700 [db/db_impl_open.cc:1111] DB pointer 0x7f65192ad770
2018/09/24-08:43:11.045288 7f64d81b8700 [db/db_impl.cc:222] Shutdown: canceling all background work
2018/09/24-08:43:11.045419 7f64d81b8700 [db/db_impl.cc:348] Shutdown complete
