2018/09/11-10:45:34.836194 7fcf02fb6700 RocksDB version: 5.7.3
2018/09/11-10:45:34.836242 7fcf02fb6700 Git sha rocksdb_build_git_sha:
2018/09/11-10:45:34.836245 7fcf02fb6700 Compile date Sep  1 2017
2018/09/11-10:45:34.836247 7fcf02fb6700 DB SUMMARY
2018/09/11-10:45:34.836286 7fcf02fb6700 SST files in testDispose//tmp/rdbfactorytest122 dir, Total Num: 0, files: 
2018/09/11-10:45:34.836290 7fcf02fb6700 Write Ahead Log file in testDispose//tmp/rdbfactorytest122: 
2018/09/11-10:45:34.836292 7fcf02fb6700                         Options.error_if_exists: 0
2018/09/11-10:45:34.836293 7fcf02fb6700                       Options.create_if_missing: 1
2018/09/11-10:45:34.836295 7fcf02fb6700                         Options.paranoid_checks: 1
2018/09/11-10:45:34.836296 7fcf02fb6700                                     Options.env: 0x7fceceb59880
2018/09/11-10:45:34.836297 7fcf02fb6700                                Options.info_log: 0x7fcefd7a1430
2018/09/11-10:45:34.836298 7fcf02fb6700                Options.max_file_opening_threads: 16
2018/09/11-10:45:34.836299 7fcf02fb6700                               Options.use_fsync: 0
2018/09/11-10:45:34.836301 7fcf02fb6700                       Options.max_log_file_size: 0
2018/09/11-10:45:34.836302 7fcf02fb6700                  Options.max_manifest_file_size: 18446744073709551615
2018/09/11-10:45:34.836303 7fcf02fb6700                   Options.log_file_time_to_roll: 0
2018/09/11-10:45:34.836304 7fcf02fb6700                       Options.keep_log_file_num: 1000
2018/09/11-10:45:34.836306 7fcf02fb6700                    Options.recycle_log_file_num: 0
2018/09/11-10:45:34.836307 7fcf02fb6700                         Options.allow_fallocate: 1
2018/09/11-10:45:34.836308 7fcf02fb6700                        Options.allow_mmap_reads: 0
2018/09/11-10:45:34.836309 7fcf02fb6700                       Options.allow_mmap_writes: 0
2018/09/11-10:45:34.836310 7fcf02fb6700                        Options.use_direct_reads: 0
2018/09/11-10:45:34.836311 7fcf02fb6700                        Options.use_direct_io_for_flush_and_compaction: 0
2018/09/11-10:45:34.836313 7fcf02fb6700          Options.create_missing_column_families: 0
2018/09/11-10:45:34.836314 7fcf02fb6700                              Options.db_log_dir: 
2018/09/11-10:45:34.836315 7fcf02fb6700                                 Options.wal_dir: testDispose//tmp/rdbfactorytest122
2018/09/11-10:45:34.836316 7fcf02fb6700                Options.table_cache_numshardbits: 6
2018/09/11-10:45:34.836317 7fcf02fb6700                      Options.max_subcompactions: 1
2018/09/11-10:45:34.836318 7fcf02fb6700                  Options.max_background_flushes: -1
2018/09/11-10:45:34.836320 7fcf02fb6700                         Options.WAL_ttl_seconds: 0
2018/09/11-10:45:34.836321 7fcf02fb6700                       Options.WAL_size_limit_MB: 0
2018/09/11-10:45:34.836322 7fcf02fb6700             Options.manifest_preallocation_size: 4194304
2018/09/11-10:45:34.836323 7fcf02fb6700                     Options.is_fd_close_on_exec: 1
2018/09/11-10:45:34.836324 7fcf02fb6700                   Options.advise_random_on_open: 1
2018/09/11-10:45:34.836326 7fcf02fb6700                    Options.db_write_buffer_size: 0
2018/09/11-10:45:34.836327 7fcf02fb6700         Options.access_hint_on_compaction_start: 1
2018/09/11-10:45:34.836328 7fcf02fb6700  Options.new_table_reader_for_compaction_inputs: 0
2018/09/11-10:45:34.836329 7fcf02fb6700               Options.compaction_readahead_size: 0
2018/09/11-10:45:34.836330 7fcf02fb6700           Options.random_access_max_buffer_size: 1048576
2018/09/11-10:45:34.836331 7fcf02fb6700           Options.writable_file_max_buffer_size: 1048576
2018/09/11-10:45:34.836333 7fcf02fb6700                      Options.use_adaptive_mutex: 0
2018/09/11-10:45:34.836334 7fcf02fb6700                            Options.rate_limiter: (nil)
2018/09/11-10:45:34.836335 7fcf02fb6700     Options.sst_file_manager.rate_bytes_per_sec: 0
2018/09/11-10:45:34.836336 7fcf02fb6700                          Options.bytes_per_sync: 0
2018/09/11-10:45:34.836338 7fcf02fb6700                      Options.wal_bytes_per_sync: 0
2018/09/11-10:45:34.836339 7fcf02fb6700                       Options.wal_recovery_mode: 2
2018/09/11-10:45:34.836353 7fcf02fb6700                  Options.enable_thread_tracking: 0
2018/09/11-10:45:34.836355 7fcf02fb6700                  Options.enable_pipelined_write: 0
2018/09/11-10:45:34.836356 7fcf02fb6700         Options.allow_concurrent_memtable_write: 1
2018/09/11-10:45:34.836357 7fcf02fb6700      Options.enable_write_thread_adaptive_yield: 1
2018/09/11-10:45:34.836358 7fcf02fb6700             Options.write_thread_max_yield_usec: 100
2018/09/11-10:45:34.836359 7fcf02fb6700            Options.write_thread_slow_yield_usec: 3
2018/09/11-10:45:34.836361 7fcf02fb6700                               Options.row_cache: None
2018/09/11-10:45:34.836362 7fcf02fb6700                              Options.wal_filter: None
2018/09/11-10:45:34.836363 7fcf02fb6700             Options.avoid_flush_during_recovery: 0
2018/09/11-10:45:34.836364 7fcf02fb6700             Options.allow_ingest_behind: 0
2018/09/11-10:45:34.836366 7fcf02fb6700             Options.concurrent_prepare: 0
2018/09/11-10:45:34.836367 7fcf02fb6700             Options.manual_wal_flush: 0
2018/09/11-10:45:34.836368 7fcf02fb6700             Options.max_background_jobs: 2
2018/09/11-10:45:34.836369 7fcf02fb6700             Options.max_background_compactions: -1
2018/09/11-10:45:34.836371 7fcf02fb6700             Options.avoid_flush_during_shutdown: 0
2018/09/11-10:45:34.836372 7fcf02fb6700             Options.delayed_write_rate : 16777216
2018/09/11-10:45:34.836373 7fcf02fb6700             Options.max_total_wal_size: 0
2018/09/11-10:45:34.836375 7fcf02fb6700             Options.delete_obsolete_files_period_micros: 21600000000
2018/09/11-10:45:34.836376 7fcf02fb6700                   Options.stats_dump_period_sec: 600
2018/09/11-10:45:34.836377 7fcf02fb6700                          Options.max_open_files: -1
2018/09/11-10:45:34.836378 7fcf02fb6700 Compression algorithms supported:
2018/09/11-10:45:34.836379 7fcf02fb6700 	Snappy supported: 1
2018/09/11-10:45:34.836381 7fcf02fb6700 	Zlib supported: 1
2018/09/11-10:45:34.836382 7fcf02fb6700 	Bzip supported: 1
2018/09/11-10:45:34.836383 7fcf02fb6700 	LZ4 supported: 1
2018/09/11-10:45:34.836384 7fcf02fb6700 	ZSTD supported: 1
2018/09/11-10:45:34.836385 7fcf02fb6700 Fast CRC32 supported: 0
2018/09/11-10:45:34.836470 7fcf02fb6700 [db/db_impl_open.cc:216] Creating manifest 1 
2018/09/11-10:45:35.068619 7fcf02fb6700 [db/version_set.cc:2712] Recovering from manifest file: MANIFEST-000001
2018/09/11-10:45:35.068702 7fcf02fb6700 [db/column_family.cc:413] --------------- Options for column family [default]:
2018/09/11-10:45:35.068707 7fcf02fb6700               Options.comparator: leveldb.BytewiseComparator
2018/09/11-10:45:35.068709 7fcf02fb6700           Options.merge_operator: None
2018/09/11-10:45:35.068712 7fcf02fb6700        Options.compaction_filter: None
2018/09/11-10:45:35.068714 7fcf02fb6700        Options.compaction_filter_factory: None
2018/09/11-10:45:35.068716 7fcf02fb6700         Options.memtable_factory: SkipListFactory
2018/09/11-10:45:35.068718 7fcf02fb6700            Options.table_factory: BlockBasedTable
2018/09/11-10:45:35.068762 7fcf02fb6700            table_factory options:   flush_block_policy_factory: FlushBlockBySizePolicyFactory (0x7fcefc860ad0)
  cache_index_and_filter_blocks: 0
  cache_index_and_filter_blocks_with_high_priority: 0
  pin_l0_filter_and_index_blocks_in_cache: 0
  index_type: 2
  hash_index_allow_collision: 1
  checksum: 1
  no_block_cache: 0
  block_cache: 0x7fcefc82c458
  block_cache_name: LRUCache
  block_cache_options:
    capacity : 104857600
    num_shard_bits : 6
    strict_capacity_limit : 0
    high_pri_pool_ratio: 0.000
  block_cache_compressed: (nil)
  persistent_cache: (nil)
  block_size: 262144
  block_size_deviation: 10
  block_restart_interval: 16
  index_block_restart_interval: 1
  filter_policy: rocksdb.BuiltinBloomFilter
  whole_key_filtering: 1
  format_version: 0
2018/09/11-10:45:35.068770 7fcf02fb6700        Options.write_buffer_size: 52428800
2018/09/11-10:45:35.068772 7fcf02fb6700  Options.max_write_buffer_number: 2
2018/09/11-10:45:35.068801 7fcf02fb6700          Options.compression: Snappy
2018/09/11-10:45:35.068805 7fcf02fb6700                  Options.bottommost_compression: Disabled
2018/09/11-10:45:35.068808 7fcf02fb6700       Options.prefix_extractor: rocksdb.FixedPrefix.4
2018/09/11-10:45:35.068810 7fcf02fb6700   Options.memtable_insert_with_hint_prefix_extractor: nullptr
2018/09/11-10:45:35.068812 7fcf02fb6700             Options.num_levels: 7
2018/09/11-10:45:35.068814 7fcf02fb6700        Options.min_write_buffer_number_to_merge: 1
2018/09/11-10:45:35.068815 7fcf02fb6700     Options.max_write_buffer_number_to_maintain: 0
2018/09/11-10:45:35.068817 7fcf02fb6700            Options.compression_opts.window_bits: -14
2018/09/11-10:45:35.068819 7fcf02fb6700                  Options.compression_opts.level: -1
2018/09/11-10:45:35.068821 7fcf02fb6700               Options.compression_opts.strategy: 0
2018/09/11-10:45:35.068822 7fcf02fb6700         Options.compression_opts.max_dict_bytes: 0
2018/09/11-10:45:35.068824 7fcf02fb6700      Options.level0_file_num_compaction_trigger: 4
2018/09/11-10:45:35.068826 7fcf02fb6700          Options.level0_slowdown_writes_trigger: 20
2018/09/11-10:45:35.068827 7fcf02fb6700              Options.level0_stop_writes_trigger: 36
2018/09/11-10:45:35.068829 7fcf02fb6700                   Options.target_file_size_base: 67108864
2018/09/11-10:45:35.068831 7fcf02fb6700             Options.target_file_size_multiplier: 1
2018/09/11-10:45:35.068833 7fcf02fb6700                Options.max_bytes_for_level_base: 268435456
2018/09/11-10:45:35.068835 7fcf02fb6700 Options.level_compaction_dynamic_level_bytes: 0
2018/09/11-10:45:35.068837 7fcf02fb6700          Options.max_bytes_for_level_multiplier: 10.000000
2018/09/11-10:45:35.068841 7fcf02fb6700 Options.max_bytes_for_level_multiplier_addtl[0]: 1
2018/09/11-10:45:35.068844 7fcf02fb6700 Options.max_bytes_for_level_multiplier_addtl[1]: 1
2018/09/11-10:45:35.068845 7fcf02fb6700 Options.max_bytes_for_level_multiplier_addtl[2]: 1
2018/09/11-10:45:35.068847 7fcf02fb6700 Options.max_bytes_for_level_multiplier_addtl[3]: 1
2018/09/11-10:45:35.068849 7fcf02fb6700 Options.max_bytes_for_level_multiplier_addtl[4]: 1
2018/09/11-10:45:35.068850 7fcf02fb6700 Options.max_bytes_for_level_multiplier_addtl[5]: 1
2018/09/11-10:45:35.068852 7fcf02fb6700 Options.max_bytes_for_level_multiplier_addtl[6]: 1
2018/09/11-10:45:35.068854 7fcf02fb6700       Options.max_sequential_skip_in_iterations: 8
2018/09/11-10:45:35.068856 7fcf02fb6700                    Options.max_compaction_bytes: 1677721600
2018/09/11-10:45:35.068858 7fcf02fb6700                        Options.arena_block_size: 6553600
2018/09/11-10:45:35.068859 7fcf02fb6700   Options.soft_pending_compaction_bytes_limit: 68719476736
2018/09/11-10:45:35.068861 7fcf02fb6700   Options.hard_pending_compaction_bytes_limit: 274877906944
2018/09/11-10:45:35.068863 7fcf02fb6700       Options.rate_limit_delay_max_milliseconds: 100
2018/09/11-10:45:35.068865 7fcf02fb6700                Options.disable_auto_compactions: 0
2018/09/11-10:45:35.068867 7fcf02fb6700                        Options.compaction_style: kCompactionStyleLevel
2018/09/11-10:45:35.068870 7fcf02fb6700                          Options.compaction_pri: kByCompensatedSize
2018/09/11-10:45:35.068872 7fcf02fb6700 Options.compaction_options_universal.size_ratio: 1
2018/09/11-10:45:35.068874 7fcf02fb6700 Options.compaction_options_universal.min_merge_width: 2
2018/09/11-10:45:35.068876 7fcf02fb6700 Options.compaction_options_universal.max_merge_width: 4294967295
2018/09/11-10:45:35.068878 7fcf02fb6700 Options.compaction_options_universal.max_size_amplification_percent: 200
2018/09/11-10:45:35.068880 7fcf02fb6700 Options.compaction_options_universal.compression_size_percent: -1
2018/09/11-10:45:35.068883 7fcf02fb6700 Options.compaction_options_universal.stop_style: kCompactionStopStyleTotalSize
2018/09/11-10:45:35.068885 7fcf02fb6700 Options.compaction_options_fifo.max_table_files_size: 1073741824
2018/09/11-10:45:35.068887 7fcf02fb6700 Options.compaction_options_fifo.allow_compaction: 0
2018/09/11-10:45:35.068908 7fcf02fb6700 Options.compaction_options_fifo.ttl: 0
2018/09/11-10:45:35.068911 7fcf02fb6700                   Options.table_properties_collectors: 
2018/09/11-10:45:35.068913 7fcf02fb6700                   Options.inplace_update_support: 0
2018/09/11-10:45:35.068915 7fcf02fb6700                 Options.inplace_update_num_locks: 10000
2018/09/11-10:45:35.068917 7fcf02fb6700               Options.memtable_prefix_bloom_size_ratio: 0.000000
2018/09/11-10:45:35.068921 7fcf02fb6700   Options.memtable_huge_page_size: 0
2018/09/11-10:45:35.068923 7fcf02fb6700                           Options.bloom_locality: 0
2018/09/11-10:45:35.068925 7fcf02fb6700                    Options.max_successive_merges: 0
2018/09/11-10:45:35.068927 7fcf02fb6700                Options.optimize_filters_for_hits: 0
2018/09/11-10:45:35.068929 7fcf02fb6700                Options.paranoid_file_checks: 0
2018/09/11-10:45:35.068931 7fcf02fb6700                Options.force_consistency_checks: 0
2018/09/11-10:45:35.068933 7fcf02fb6700                Options.report_bg_io_stats: 0
2018/09/11-10:45:35.070006 7fcf02fb6700 [db/version_set.cc:2969] Recovered from manifest file:testDispose//tmp/rdbfactorytest122/MANIFEST-000001 succeeded,manifest_file_number is 1, next_file_number is 3, last_sequence is 0, log_number is 0,prev_log_number is 0,max_column_family is 0
2018/09/11-10:45:35.070012 7fcf02fb6700 [db/version_set.cc:2977] Column family [default] (ID 0), log number is 0
2018/09/11-10:45:35.299241 7fcf02fb6700 [db/db_impl_open.cc:1111] DB pointer 0x7fcefd7a0680
2018/09/11-10:47:21.096572 7fcecdec9700 [db/db_impl.cc:222] Shutdown: canceling all background work
2018/09/11-10:47:21.096662 7fcecdec9700 [db/db_impl.cc:348] Shutdown complete
