2018/09/24-08:41:26.587046 7f6520ea5700 RocksDB version: 5.7.3
2018/09/24-08:41:26.587089 7f6520ea5700 Git sha rocksdb_build_git_sha:
2018/09/24-08:41:26.587093 7f6520ea5700 Compile date Sep  1 2017
2018/09/24-08:41:26.587095 7f6520ea5700 DB SUMMARY
2018/09/24-08:41:26.587141 7f6520ea5700 SST files in testDispose//tmp/rdbfactorytest75 dir, Total Num: 0, files: 
2018/09/24-08:41:26.587146 7f6520ea5700 Write Ahead Log file in testDispose//tmp/rdbfactorytest75: 
2018/09/24-08:41:26.587149 7f6520ea5700                         Options.error_if_exists: 0
2018/09/24-08:41:26.587150 7f6520ea5700                       Options.create_if_missing: 1
2018/09/24-08:41:26.587152 7f6520ea5700                         Options.paranoid_checks: 1
2018/09/24-08:41:26.587154 7f6520ea5700                                     Options.env: 0x7f64eca48880
2018/09/24-08:41:26.587156 7f6520ea5700                                Options.info_log: 0x7f651918ccb0
2018/09/24-08:41:26.587157 7f6520ea5700                Options.max_file_opening_threads: 16
2018/09/24-08:41:26.587159 7f6520ea5700                               Options.use_fsync: 0
2018/09/24-08:41:26.587160 7f6520ea5700                       Options.max_log_file_size: 0
2018/09/24-08:41:26.587162 7f6520ea5700                  Options.max_manifest_file_size: 18446744073709551615
2018/09/24-08:41:26.587164 7f6520ea5700                   Options.log_file_time_to_roll: 0
2018/09/24-08:41:26.587165 7f6520ea5700                       Options.keep_log_file_num: 1000
2018/09/24-08:41:26.587167 7f6520ea5700                    Options.recycle_log_file_num: 0
2018/09/24-08:41:26.587169 7f6520ea5700                         Options.allow_fallocate: 1
2018/09/24-08:41:26.587170 7f6520ea5700                        Options.allow_mmap_reads: 0
2018/09/24-08:41:26.587172 7f6520ea5700                       Options.allow_mmap_writes: 0
2018/09/24-08:41:26.587173 7f6520ea5700                        Options.use_direct_reads: 0
2018/09/24-08:41:26.587175 7f6520ea5700                        Options.use_direct_io_for_flush_and_compaction: 0
2018/09/24-08:41:26.587176 7f6520ea5700          Options.create_missing_column_families: 0
2018/09/24-08:41:26.587178 7f6520ea5700                              Options.db_log_dir: 
2018/09/24-08:41:26.587180 7f6520ea5700                                 Options.wal_dir: testDispose//tmp/rdbfactorytest75
2018/09/24-08:41:26.587181 7f6520ea5700                Options.table_cache_numshardbits: 6
2018/09/24-08:41:26.587183 7f6520ea5700                      Options.max_subcompactions: 1
2018/09/24-08:41:26.587184 7f6520ea5700                  Options.max_background_flushes: -1
2018/09/24-08:41:26.587186 7f6520ea5700                         Options.WAL_ttl_seconds: 0
2018/09/24-08:41:26.587187 7f6520ea5700                       Options.WAL_size_limit_MB: 0
2018/09/24-08:41:26.587189 7f6520ea5700             Options.manifest_preallocation_size: 4194304
2018/09/24-08:41:26.587191 7f6520ea5700                     Options.is_fd_close_on_exec: 1
2018/09/24-08:41:26.587192 7f6520ea5700                   Options.advise_random_on_open: 1
2018/09/24-08:41:26.587194 7f6520ea5700                    Options.db_write_buffer_size: 0
2018/09/24-08:41:26.587195 7f6520ea5700         Options.access_hint_on_compaction_start: 1
2018/09/24-08:41:26.587197 7f6520ea5700  Options.new_table_reader_for_compaction_inputs: 0
2018/09/24-08:41:26.587198 7f6520ea5700               Options.compaction_readahead_size: 0
2018/09/24-08:41:26.587200 7f6520ea5700           Options.random_access_max_buffer_size: 1048576
2018/09/24-08:41:26.587201 7f6520ea5700           Options.writable_file_max_buffer_size: 1048576
2018/09/24-08:41:26.587203 7f6520ea5700                      Options.use_adaptive_mutex: 0
2018/09/24-08:41:26.587215 7f6520ea5700                            Options.rate_limiter: (nil)
2018/09/24-08:41:26.587217 7f6520ea5700     Options.sst_file_manager.rate_bytes_per_sec: 0
2018/09/24-08:41:26.587219 7f6520ea5700                          Options.bytes_per_sync: 0
2018/09/24-08:41:26.587220 7f6520ea5700                      Options.wal_bytes_per_sync: 0
2018/09/24-08:41:26.587222 7f6520ea5700                       Options.wal_recovery_mode: 2
2018/09/24-08:41:26.587242 7f6520ea5700                  Options.enable_thread_tracking: 0
2018/09/24-08:41:26.587245 7f6520ea5700                  Options.enable_pipelined_write: 0
2018/09/24-08:41:26.587246 7f6520ea5700         Options.allow_concurrent_memtable_write: 1
2018/09/24-08:41:26.587248 7f6520ea5700      Options.enable_write_thread_adaptive_yield: 1
2018/09/24-08:41:26.587249 7f6520ea5700             Options.write_thread_max_yield_usec: 100
2018/09/24-08:41:26.587251 7f6520ea5700            Options.write_thread_slow_yield_usec: 3
2018/09/24-08:41:26.587252 7f6520ea5700                               Options.row_cache: None
2018/09/24-08:41:26.587254 7f6520ea5700                              Options.wal_filter: None
2018/09/24-08:41:26.587256 7f6520ea5700             Options.avoid_flush_during_recovery: 0
2018/09/24-08:41:26.587257 7f6520ea5700             Options.allow_ingest_behind: 0
2018/09/24-08:41:26.587259 7f6520ea5700             Options.concurrent_prepare: 0
2018/09/24-08:41:26.587260 7f6520ea5700             Options.manual_wal_flush: 0
2018/09/24-08:41:26.587262 7f6520ea5700             Options.max_background_jobs: 2
2018/09/24-08:41:26.587264 7f6520ea5700             Options.max_background_compactions: -1
2018/09/24-08:41:26.587266 7f6520ea5700             Options.avoid_flush_during_shutdown: 0
2018/09/24-08:41:26.587267 7f6520ea5700             Options.delayed_write_rate : 16777216
2018/09/24-08:41:26.587269 7f6520ea5700             Options.max_total_wal_size: 0
2018/09/24-08:41:26.587271 7f6520ea5700             Options.delete_obsolete_files_period_micros: 21600000000
2018/09/24-08:41:26.587272 7f6520ea5700                   Options.stats_dump_period_sec: 600
2018/09/24-08:41:26.587274 7f6520ea5700                          Options.max_open_files: -1
2018/09/24-08:41:26.587276 7f6520ea5700 Compression algorithms supported:
2018/09/24-08:41:26.587277 7f6520ea5700 	Snappy supported: 1
2018/09/24-08:41:26.587279 7f6520ea5700 	Zlib supported: 1
2018/09/24-08:41:26.587281 7f6520ea5700 	Bzip supported: 1
2018/09/24-08:41:26.587282 7f6520ea5700 	LZ4 supported: 1
2018/09/24-08:41:26.587284 7f6520ea5700 	ZSTD supported: 1
2018/09/24-08:41:26.587286 7f6520ea5700 Fast CRC32 supported: 0
2018/09/24-08:41:26.587399 7f6520ea5700 [db/db_impl_open.cc:216] Creating manifest 1 
2018/09/24-08:41:26.803865 7f6520ea5700 [db/version_set.cc:2712] Recovering from manifest file: MANIFEST-000001
2018/09/24-08:41:26.803955 7f6520ea5700 [db/column_family.cc:413] --------------- Options for column family [default]:
2018/09/24-08:41:26.803961 7f6520ea5700               Options.comparator: leveldb.BytewiseComparator
2018/09/24-08:41:26.803963 7f6520ea5700           Options.merge_operator: None
2018/09/24-08:41:26.803965 7f6520ea5700        Options.compaction_filter: None
2018/09/24-08:41:26.803967 7f6520ea5700        Options.compaction_filter_factory: None
2018/09/24-08:41:26.803969 7f6520ea5700         Options.memtable_factory: SkipListFactory
2018/09/24-08:41:26.803971 7f6520ea5700            Options.table_factory: BlockBasedTable
2018/09/24-08:41:26.804020 7f6520ea5700            table_factory options:   flush_block_policy_factory: FlushBlockBySizePolicyFactory (0x7f651885eec0)
  cache_index_and_filter_blocks: 0
  cache_index_and_filter_blocks_with_high_priority: 0
  pin_l0_filter_and_index_blocks_in_cache: 0
  index_type: 2
  hash_index_allow_collision: 1
  checksum: 1
  no_block_cache: 0
  block_cache: 0x7f651885c9b8
  block_cache_name: LRUCache
  block_cache_options:
    capacity : 104857600
    num_shard_bits : 6
    strict_capacity_limit : 0
    high_pri_pool_ratio: 0.000
  block_cache_compressed: (nil)
  persistent_cache: (nil)
  block_size: 262144
  block_size_deviation: 10
  block_restart_interval: 16
  index_block_restart_interval: 1
  filter_policy: rocksdb.BuiltinBloomFilter
  whole_key_filtering: 1
  format_version: 0
2018/09/24-08:41:26.804026 7f6520ea5700        Options.write_buffer_size: 52428800
2018/09/24-08:41:26.804028 7f6520ea5700  Options.max_write_buffer_number: 2
2018/09/24-08:41:26.804061 7f6520ea5700          Options.compression: Snappy
2018/09/24-08:41:26.804065 7f6520ea5700                  Options.bottommost_compression: Disabled
2018/09/24-08:41:26.804068 7f6520ea5700       Options.prefix_extractor: rocksdb.FixedPrefix.4
2018/09/24-08:41:26.804070 7f6520ea5700   Options.memtable_insert_with_hint_prefix_extractor: nullptr
2018/09/24-08:41:26.804072 7f6520ea5700             Options.num_levels: 7
2018/09/24-08:41:26.804073 7f6520ea5700        Options.min_write_buffer_number_to_merge: 1
2018/09/24-08:41:26.804075 7f6520ea5700     Options.max_write_buffer_number_to_maintain: 0
2018/09/24-08:41:26.804077 7f6520ea5700            Options.compression_opts.window_bits: -14
2018/09/24-08:41:26.804079 7f6520ea5700                  Options.compression_opts.level: -1
2018/09/24-08:41:26.804081 7f6520ea5700               Options.compression_opts.strategy: 0
2018/09/24-08:41:26.804083 7f6520ea5700         Options.compression_opts.max_dict_bytes: 0
2018/09/24-08:41:26.804085 7f6520ea5700      Options.level0_file_num_compaction_trigger: 4
2018/09/24-08:41:26.804087 7f6520ea5700          Options.level0_slowdown_writes_trigger: 20
2018/09/24-08:41:26.804089 7f6520ea5700              Options.level0_stop_writes_trigger: 36
2018/09/24-08:41:26.804091 7f6520ea5700                   Options.target_file_size_base: 67108864
2018/09/24-08:41:26.804093 7f6520ea5700             Options.target_file_size_multiplier: 1
2018/09/24-08:41:26.804095 7f6520ea5700                Options.max_bytes_for_level_base: 268435456
2018/09/24-08:41:26.804097 7f6520ea5700 Options.level_compaction_dynamic_level_bytes: 0
2018/09/24-08:41:26.804099 7f6520ea5700          Options.max_bytes_for_level_multiplier: 10.000000
2018/09/24-08:41:26.804103 7f6520ea5700 Options.max_bytes_for_level_multiplier_addtl[0]: 1
2018/09/24-08:41:26.804106 7f6520ea5700 Options.max_bytes_for_level_multiplier_addtl[1]: 1
2018/09/24-08:41:26.804108 7f6520ea5700 Options.max_bytes_for_level_multiplier_addtl[2]: 1
2018/09/24-08:41:26.804109 7f6520ea5700 Options.max_bytes_for_level_multiplier_addtl[3]: 1
2018/09/24-08:41:26.804111 7f6520ea5700 Options.max_bytes_for_level_multiplier_addtl[4]: 1
2018/09/24-08:41:26.804113 7f6520ea5700 Options.max_bytes_for_level_multiplier_addtl[5]: 1
2018/09/24-08:41:26.804115 7f6520ea5700 Options.max_bytes_for_level_multiplier_addtl[6]: 1
2018/09/24-08:41:26.804117 7f6520ea5700       Options.max_sequential_skip_in_iterations: 8
2018/09/24-08:41:26.804119 7f6520ea5700                    Options.max_compaction_bytes: 1677721600
2018/09/24-08:41:26.804121 7f6520ea5700                        Options.arena_block_size: 6553600
2018/09/24-08:41:26.804123 7f6520ea5700   Options.soft_pending_compaction_bytes_limit: 68719476736
2018/09/24-08:41:26.804125 7f6520ea5700   Options.hard_pending_compaction_bytes_limit: 274877906944
2018/09/24-08:41:26.804127 7f6520ea5700       Options.rate_limit_delay_max_milliseconds: 100
2018/09/24-08:41:26.804129 7f6520ea5700                Options.disable_auto_compactions: 0
2018/09/24-08:41:26.804132 7f6520ea5700                        Options.compaction_style: kCompactionStyleLevel
2018/09/24-08:41:26.804134 7f6520ea5700                          Options.compaction_pri: kByCompensatedSize
2018/09/24-08:41:26.804136 7f6520ea5700 Options.compaction_options_universal.size_ratio: 1
2018/09/24-08:41:26.804138 7f6520ea5700 Options.compaction_options_universal.min_merge_width: 2
2018/09/24-08:41:26.804139 7f6520ea5700 Options.compaction_options_universal.max_merge_width: 4294967295
2018/09/24-08:41:26.804142 7f6520ea5700 Options.compaction_options_universal.max_size_amplification_percent: 200
2018/09/24-08:41:26.804144 7f6520ea5700 Options.compaction_options_universal.compression_size_percent: -1
2018/09/24-08:41:26.804146 7f6520ea5700 Options.compaction_options_universal.stop_style: kCompactionStopStyleTotalSize
2018/09/24-08:41:26.804148 7f6520ea5700 Options.compaction_options_fifo.max_table_files_size: 1073741824
2018/09/24-08:41:26.804150 7f6520ea5700 Options.compaction_options_fifo.allow_compaction: 0
2018/09/24-08:41:26.804168 7f6520ea5700 Options.compaction_options_fifo.ttl: 0
2018/09/24-08:41:26.804172 7f6520ea5700                   Options.table_properties_collectors: 
2018/09/24-08:41:26.804174 7f6520ea5700                   Options.inplace_update_support: 0
2018/09/24-08:41:26.804176 7f6520ea5700                 Options.inplace_update_num_locks: 10000
2018/09/24-08:41:26.804178 7f6520ea5700               Options.memtable_prefix_bloom_size_ratio: 0.000000
2018/09/24-08:41:26.804180 7f6520ea5700   Options.memtable_huge_page_size: 0
2018/09/24-08:41:26.804183 7f6520ea5700                           Options.bloom_locality: 0
2018/09/24-08:41:26.804184 7f6520ea5700                    Options.max_successive_merges: 0
2018/09/24-08:41:26.804186 7f6520ea5700                Options.optimize_filters_for_hits: 0
2018/09/24-08:41:26.804188 7f6520ea5700                Options.paranoid_file_checks: 0
2018/09/24-08:41:26.804190 7f6520ea5700                Options.force_consistency_checks: 0
2018/09/24-08:41:26.804192 7f6520ea5700                Options.report_bg_io_stats: 0
2018/09/24-08:41:26.805238 7f6520ea5700 [db/version_set.cc:2969] Recovered from manifest file:testDispose//tmp/rdbfactorytest75/MANIFEST-000001 succeeded,manifest_file_number is 1, next_file_number is 3, last_sequence is 0, log_number is 0,prev_log_number is 0,max_column_family is 0
2018/09/24-08:41:26.805246 7f6520ea5700 [db/version_set.cc:2977] Column family [default] (ID 0), log number is 0
2018/09/24-08:41:26.943104 7f6520ea5700 [db/db_impl_open.cc:1111] DB pointer 0x7f651918bf00
2018/09/24-08:42:34.925052 7f6520ea5700 [db/db_impl.cc:222] Shutdown: canceling all background work
2018/09/24-08:42:34.925244 7f6520ea5700 [db/db_impl.cc:348] Shutdown complete
