2018/09/24-06:36:25.424958 7f5a32fe6700 RocksDB version: 5.7.3
2018/09/24-06:36:25.425003 7f5a32fe6700 Git sha rocksdb_build_git_sha:
2018/09/24-06:36:25.425007 7f5a32fe6700 Compile date Sep  1 2017
2018/09/24-06:36:25.425010 7f5a32fe6700 DB SUMMARY
2018/09/24-06:36:25.425064 7f5a32fe6700 SST files in testDispose//tmp/rdbfactorytest41 dir, Total Num: 0, files: 
2018/09/24-06:36:25.425070 7f5a32fe6700 Write Ahead Log file in testDispose//tmp/rdbfactorytest41: 
2018/09/24-06:36:25.425073 7f5a32fe6700                         Options.error_if_exists: 0
2018/09/24-06:36:25.425076 7f5a32fe6700                       Options.create_if_missing: 1
2018/09/24-06:36:25.425078 7f5a32fe6700                         Options.paranoid_checks: 1
2018/09/24-06:36:25.425080 7f5a32fe6700                                     Options.env: 0x7f59daf89880
2018/09/24-06:36:25.425083 7f5a32fe6700                                Options.info_log: 0x7f5a2cd2f460
2018/09/24-06:36:25.425085 7f5a32fe6700                Options.max_file_opening_threads: 16
2018/09/24-06:36:25.425087 7f5a32fe6700                               Options.use_fsync: 0
2018/09/24-06:36:25.425089 7f5a32fe6700                       Options.max_log_file_size: 0
2018/09/24-06:36:25.425091 7f5a32fe6700                  Options.max_manifest_file_size: 18446744073709551615
2018/09/24-06:36:25.425094 7f5a32fe6700                   Options.log_file_time_to_roll: 0
2018/09/24-06:36:25.425096 7f5a32fe6700                       Options.keep_log_file_num: 1000
2018/09/24-06:36:25.425098 7f5a32fe6700                    Options.recycle_log_file_num: 0
2018/09/24-06:36:25.425100 7f5a32fe6700                         Options.allow_fallocate: 1
2018/09/24-06:36:25.425102 7f5a32fe6700                        Options.allow_mmap_reads: 0
2018/09/24-06:36:25.425104 7f5a32fe6700                       Options.allow_mmap_writes: 0
2018/09/24-06:36:25.425106 7f5a32fe6700                        Options.use_direct_reads: 0
2018/09/24-06:36:25.425108 7f5a32fe6700                        Options.use_direct_io_for_flush_and_compaction: 0
2018/09/24-06:36:25.425110 7f5a32fe6700          Options.create_missing_column_families: 0
2018/09/24-06:36:25.425112 7f5a32fe6700                              Options.db_log_dir: 
2018/09/24-06:36:25.425114 7f5a32fe6700                                 Options.wal_dir: testDispose//tmp/rdbfactorytest41
2018/09/24-06:36:25.425116 7f5a32fe6700                Options.table_cache_numshardbits: 6
2018/09/24-06:36:25.425118 7f5a32fe6700                      Options.max_subcompactions: 1
2018/09/24-06:36:25.425120 7f5a32fe6700                  Options.max_background_flushes: -1
2018/09/24-06:36:25.425122 7f5a32fe6700                         Options.WAL_ttl_seconds: 0
2018/09/24-06:36:25.425124 7f5a32fe6700                       Options.WAL_size_limit_MB: 0
2018/09/24-06:36:25.425126 7f5a32fe6700             Options.manifest_preallocation_size: 4194304
2018/09/24-06:36:25.425129 7f5a32fe6700                     Options.is_fd_close_on_exec: 1
2018/09/24-06:36:25.425131 7f5a32fe6700                   Options.advise_random_on_open: 1
2018/09/24-06:36:25.425133 7f5a32fe6700                    Options.db_write_buffer_size: 0
2018/09/24-06:36:25.425135 7f5a32fe6700         Options.access_hint_on_compaction_start: 1
2018/09/24-06:36:25.425137 7f5a32fe6700  Options.new_table_reader_for_compaction_inputs: 0
2018/09/24-06:36:25.425139 7f5a32fe6700               Options.compaction_readahead_size: 0
2018/09/24-06:36:25.425141 7f5a32fe6700           Options.random_access_max_buffer_size: 1048576
2018/09/24-06:36:25.425143 7f5a32fe6700           Options.writable_file_max_buffer_size: 1048576
2018/09/24-06:36:25.425145 7f5a32fe6700                      Options.use_adaptive_mutex: 0
2018/09/24-06:36:25.425147 7f5a32fe6700                            Options.rate_limiter: (nil)
2018/09/24-06:36:25.425149 7f5a32fe6700     Options.sst_file_manager.rate_bytes_per_sec: 0
2018/09/24-06:36:25.425152 7f5a32fe6700                          Options.bytes_per_sync: 0
2018/09/24-06:36:25.425154 7f5a32fe6700                      Options.wal_bytes_per_sync: 0
2018/09/24-06:36:25.425156 7f5a32fe6700                       Options.wal_recovery_mode: 2
2018/09/24-06:36:25.425177 7f5a32fe6700                  Options.enable_thread_tracking: 0
2018/09/24-06:36:25.425180 7f5a32fe6700                  Options.enable_pipelined_write: 0
2018/09/24-06:36:25.425182 7f5a32fe6700         Options.allow_concurrent_memtable_write: 1
2018/09/24-06:36:25.425184 7f5a32fe6700      Options.enable_write_thread_adaptive_yield: 1
2018/09/24-06:36:25.425186 7f5a32fe6700             Options.write_thread_max_yield_usec: 100
2018/09/24-06:36:25.425188 7f5a32fe6700            Options.write_thread_slow_yield_usec: 3
2018/09/24-06:36:25.425191 7f5a32fe6700                               Options.row_cache: None
2018/09/24-06:36:25.425193 7f5a32fe6700                              Options.wal_filter: None
2018/09/24-06:36:25.425195 7f5a32fe6700             Options.avoid_flush_during_recovery: 0
2018/09/24-06:36:25.425197 7f5a32fe6700             Options.allow_ingest_behind: 0
2018/09/24-06:36:25.425199 7f5a32fe6700             Options.concurrent_prepare: 0
2018/09/24-06:36:25.425201 7f5a32fe6700             Options.manual_wal_flush: 0
2018/09/24-06:36:25.425204 7f5a32fe6700             Options.max_background_jobs: 2
2018/09/24-06:36:25.425229 7f5a32fe6700             Options.max_background_compactions: -1
2018/09/24-06:36:25.425234 7f5a32fe6700             Options.avoid_flush_during_shutdown: 0
2018/09/24-06:36:25.425236 7f5a32fe6700             Options.delayed_write_rate : 16777216
2018/09/24-06:36:25.425239 7f5a32fe6700             Options.max_total_wal_size: 0
2018/09/24-06:36:25.425241 7f5a32fe6700             Options.delete_obsolete_files_period_micros: 21600000000
2018/09/24-06:36:25.425243 7f5a32fe6700                   Options.stats_dump_period_sec: 600
2018/09/24-06:36:25.425245 7f5a32fe6700                          Options.max_open_files: -1
2018/09/24-06:36:25.425248 7f5a32fe6700 Compression algorithms supported:
2018/09/24-06:36:25.425250 7f5a32fe6700 	Snappy supported: 1
2018/09/24-06:36:25.425252 7f5a32fe6700 	Zlib supported: 1
2018/09/24-06:36:25.425254 7f5a32fe6700 	Bzip supported: 1
2018/09/24-06:36:25.425256 7f5a32fe6700 	LZ4 supported: 1
2018/09/24-06:36:25.425259 7f5a32fe6700 	ZSTD supported: 1
2018/09/24-06:36:25.425261 7f5a32fe6700 Fast CRC32 supported: 0
2018/09/24-06:36:25.425389 7f5a32fe6700 [db/db_impl_open.cc:216] Creating manifest 1 
2018/09/24-06:36:25.640552 7f5a32fe6700 [db/version_set.cc:2712] Recovering from manifest file: MANIFEST-000001
2018/09/24-06:36:25.640629 7f5a32fe6700 [db/column_family.cc:413] --------------- Options for column family [default]:
2018/09/24-06:36:25.640634 7f5a32fe6700               Options.comparator: leveldb.BytewiseComparator
2018/09/24-06:36:25.640636 7f5a32fe6700           Options.merge_operator: None
2018/09/24-06:36:25.640638 7f5a32fe6700        Options.compaction_filter: None
2018/09/24-06:36:25.640640 7f5a32fe6700        Options.compaction_filter_factory: None
2018/09/24-06:36:25.640642 7f5a32fe6700         Options.memtable_factory: SkipListFactory
2018/09/24-06:36:25.640644 7f5a32fe6700            Options.table_factory: BlockBasedTable
2018/09/24-06:36:25.640685 7f5a32fe6700            table_factory options:   flush_block_policy_factory: FlushBlockBySizePolicyFactory (0x7f5a2c8403b0)
  cache_index_and_filter_blocks: 0
  cache_index_and_filter_blocks_with_high_priority: 0
  pin_l0_filter_and_index_blocks_in_cache: 0
  index_type: 2
  hash_index_allow_collision: 1
  checksum: 1
  no_block_cache: 0
  block_cache: 0x7f5a2c849ef8
  block_cache_name: LRUCache
  block_cache_options:
    capacity : 104857600
    num_shard_bits : 6
    strict_capacity_limit : 0
    high_pri_pool_ratio: 0.000
  block_cache_compressed: (nil)
  persistent_cache: (nil)
  block_size: 262144
  block_size_deviation: 10
  block_restart_interval: 16
  index_block_restart_interval: 1
  filter_policy: rocksdb.BuiltinBloomFilter
  whole_key_filtering: 1
  format_version: 0
2018/09/24-06:36:25.640693 7f5a32fe6700        Options.write_buffer_size: 52428800
2018/09/24-06:36:25.640696 7f5a32fe6700  Options.max_write_buffer_number: 2
2018/09/24-06:36:25.640719 7f5a32fe6700          Options.compression: Snappy
2018/09/24-06:36:25.640723 7f5a32fe6700                  Options.bottommost_compression: Disabled
2018/09/24-06:36:25.640725 7f5a32fe6700       Options.prefix_extractor: rocksdb.FixedPrefix.4
2018/09/24-06:36:25.640727 7f5a32fe6700   Options.memtable_insert_with_hint_prefix_extractor: nullptr
2018/09/24-06:36:25.640729 7f5a32fe6700             Options.num_levels: 7
2018/09/24-06:36:25.640731 7f5a32fe6700        Options.min_write_buffer_number_to_merge: 1
2018/09/24-06:36:25.640732 7f5a32fe6700     Options.max_write_buffer_number_to_maintain: 0
2018/09/24-06:36:25.640734 7f5a32fe6700            Options.compression_opts.window_bits: -14
2018/09/24-06:36:25.640736 7f5a32fe6700                  Options.compression_opts.level: -1
2018/09/24-06:36:25.640738 7f5a32fe6700               Options.compression_opts.strategy: 0
2018/09/24-06:36:25.640740 7f5a32fe6700         Options.compression_opts.max_dict_bytes: 0
2018/09/24-06:36:25.640742 7f5a32fe6700      Options.level0_file_num_compaction_trigger: 4
2018/09/24-06:36:25.640744 7f5a32fe6700          Options.level0_slowdown_writes_trigger: 20
2018/09/24-06:36:25.640745 7f5a32fe6700              Options.level0_stop_writes_trigger: 36
2018/09/24-06:36:25.640747 7f5a32fe6700                   Options.target_file_size_base: 67108864
2018/09/24-06:36:25.640749 7f5a32fe6700             Options.target_file_size_multiplier: 1
2018/09/24-06:36:25.640751 7f5a32fe6700                Options.max_bytes_for_level_base: 268435456
2018/09/24-06:36:25.640753 7f5a32fe6700 Options.level_compaction_dynamic_level_bytes: 0
2018/09/24-06:36:25.640755 7f5a32fe6700          Options.max_bytes_for_level_multiplier: 10.000000
2018/09/24-06:36:25.640759 7f5a32fe6700 Options.max_bytes_for_level_multiplier_addtl[0]: 1
2018/09/24-06:36:25.640761 7f5a32fe6700 Options.max_bytes_for_level_multiplier_addtl[1]: 1
2018/09/24-06:36:25.640763 7f5a32fe6700 Options.max_bytes_for_level_multiplier_addtl[2]: 1
2018/09/24-06:36:25.640765 7f5a32fe6700 Options.max_bytes_for_level_multiplier_addtl[3]: 1
2018/09/24-06:36:25.640767 7f5a32fe6700 Options.max_bytes_for_level_multiplier_addtl[4]: 1
2018/09/24-06:36:25.640768 7f5a32fe6700 Options.max_bytes_for_level_multiplier_addtl[5]: 1
2018/09/24-06:36:25.640770 7f5a32fe6700 Options.max_bytes_for_level_multiplier_addtl[6]: 1
2018/09/24-06:36:25.640772 7f5a32fe6700       Options.max_sequential_skip_in_iterations: 8
2018/09/24-06:36:25.640774 7f5a32fe6700                    Options.max_compaction_bytes: 1677721600
2018/09/24-06:36:25.640776 7f5a32fe6700                        Options.arena_block_size: 6553600
2018/09/24-06:36:25.640778 7f5a32fe6700   Options.soft_pending_compaction_bytes_limit: 68719476736
2018/09/24-06:36:25.640780 7f5a32fe6700   Options.hard_pending_compaction_bytes_limit: 274877906944
2018/09/24-06:36:25.640782 7f5a32fe6700       Options.rate_limit_delay_max_milliseconds: 100
2018/09/24-06:36:25.640784 7f5a32fe6700                Options.disable_auto_compactions: 0
2018/09/24-06:36:25.640786 7f5a32fe6700                        Options.compaction_style: kCompactionStyleLevel
2018/09/24-06:36:25.640788 7f5a32fe6700                          Options.compaction_pri: kByCompensatedSize
2018/09/24-06:36:25.640790 7f5a32fe6700 Options.compaction_options_universal.size_ratio: 1
2018/09/24-06:36:25.640792 7f5a32fe6700 Options.compaction_options_universal.min_merge_width: 2
2018/09/24-06:36:25.640794 7f5a32fe6700 Options.compaction_options_universal.max_merge_width: 4294967295
2018/09/24-06:36:25.640796 7f5a32fe6700 Options.compaction_options_universal.max_size_amplification_percent: 200
2018/09/24-06:36:25.640798 7f5a32fe6700 Options.compaction_options_universal.compression_size_percent: -1
2018/09/24-06:36:25.640800 7f5a32fe6700 Options.compaction_options_universal.stop_style: kCompactionStopStyleTotalSize
2018/09/24-06:36:25.640802 7f5a32fe6700 Options.compaction_options_fifo.max_table_files_size: 1073741824
2018/09/24-06:36:25.640804 7f5a32fe6700 Options.compaction_options_fifo.allow_compaction: 0
2018/09/24-06:36:25.640820 7f5a32fe6700 Options.compaction_options_fifo.ttl: 0
2018/09/24-06:36:25.640823 7f5a32fe6700                   Options.table_properties_collectors: 
2018/09/24-06:36:25.640825 7f5a32fe6700                   Options.inplace_update_support: 0
2018/09/24-06:36:25.640827 7f5a32fe6700                 Options.inplace_update_num_locks: 10000
2018/09/24-06:36:25.640829 7f5a32fe6700               Options.memtable_prefix_bloom_size_ratio: 0.000000
2018/09/24-06:36:25.640831 7f5a32fe6700   Options.memtable_huge_page_size: 0
2018/09/24-06:36:25.640833 7f5a32fe6700                           Options.bloom_locality: 0
2018/09/24-06:36:25.640835 7f5a32fe6700                    Options.max_successive_merges: 0
2018/09/24-06:36:25.640837 7f5a32fe6700                Options.optimize_filters_for_hits: 0
2018/09/24-06:36:25.640839 7f5a32fe6700                Options.paranoid_file_checks: 0
2018/09/24-06:36:25.640840 7f5a32fe6700                Options.force_consistency_checks: 0
2018/09/24-06:36:25.640842 7f5a32fe6700                Options.report_bg_io_stats: 0
2018/09/24-06:36:25.641857 7f5a32fe6700 [db/version_set.cc:2969] Recovered from manifest file:testDispose//tmp/rdbfactorytest41/MANIFEST-000001 succeeded,manifest_file_number is 1, next_file_number is 3, last_sequence is 0, log_number is 0,prev_log_number is 0,max_column_family is 0
2018/09/24-06:36:25.641865 7f5a32fe6700 [db/version_set.cc:2977] Column family [default] (ID 0), log number is 0
2018/09/24-06:36:25.785554 7f5a32fe6700 [db/db_impl_open.cc:1111] DB pointer 0x7f5a2cd2e6b0
2018/09/24-06:37:17.924892 7f5a32fe6700 [db/db_impl.cc:222] Shutdown: canceling all background work
2018/09/24-06:37:17.925057 7f5a32fe6700 [db/db_impl.cc:348] Shutdown complete
