2018/09/24-06:37:22.440147 7f5a32fe6700 RocksDB version: 5.7.3
2018/09/24-06:37:22.440193 7f5a32fe6700 Git sha rocksdb_build_git_sha:
2018/09/24-06:37:22.440198 7f5a32fe6700 Compile date Sep  1 2017
2018/09/24-06:37:22.440201 7f5a32fe6700 DB SUMMARY
2018/09/24-06:37:22.440259 7f5a32fe6700 SST files in testDispose//tmp/rdbfactorytest215 dir, Total Num: 0, files: 
2018/09/24-06:37:22.440264 7f5a32fe6700 Write Ahead Log file in testDispose//tmp/rdbfactorytest215: 
2018/09/24-06:37:22.440268 7f5a32fe6700                         Options.error_if_exists: 0
2018/09/24-06:37:22.440270 7f5a32fe6700                       Options.create_if_missing: 1
2018/09/24-06:37:22.440273 7f5a32fe6700                         Options.paranoid_checks: 1
2018/09/24-06:37:22.440275 7f5a32fe6700                                     Options.env: 0x7f59daf89880
2018/09/24-06:37:22.440277 7f5a32fe6700                                Options.info_log: 0x7f5a2cf1e550
2018/09/24-06:37:22.440279 7f5a32fe6700                Options.max_file_opening_threads: 16
2018/09/24-06:37:22.440281 7f5a32fe6700                               Options.use_fsync: 0
2018/09/24-06:37:22.440284 7f5a32fe6700                       Options.max_log_file_size: 0
2018/09/24-06:37:22.440286 7f5a32fe6700                  Options.max_manifest_file_size: 18446744073709551615
2018/09/24-06:37:22.440288 7f5a32fe6700                   Options.log_file_time_to_roll: 0
2018/09/24-06:37:22.440290 7f5a32fe6700                       Options.keep_log_file_num: 1000
2018/09/24-06:37:22.440292 7f5a32fe6700                    Options.recycle_log_file_num: 0
2018/09/24-06:37:22.440294 7f5a32fe6700                         Options.allow_fallocate: 1
2018/09/24-06:37:22.440296 7f5a32fe6700                        Options.allow_mmap_reads: 0
2018/09/24-06:37:22.440298 7f5a32fe6700                       Options.allow_mmap_writes: 0
2018/09/24-06:37:22.440300 7f5a32fe6700                        Options.use_direct_reads: 0
2018/09/24-06:37:22.440302 7f5a32fe6700                        Options.use_direct_io_for_flush_and_compaction: 0
2018/09/24-06:37:22.440304 7f5a32fe6700          Options.create_missing_column_families: 0
2018/09/24-06:37:22.440306 7f5a32fe6700                              Options.db_log_dir: 
2018/09/24-06:37:22.440308 7f5a32fe6700                                 Options.wal_dir: testDispose//tmp/rdbfactorytest215
2018/09/24-06:37:22.440310 7f5a32fe6700                Options.table_cache_numshardbits: 6
2018/09/24-06:37:22.440313 7f5a32fe6700                      Options.max_subcompactions: 1
2018/09/24-06:37:22.440315 7f5a32fe6700                  Options.max_background_flushes: -1
2018/09/24-06:37:22.440317 7f5a32fe6700                         Options.WAL_ttl_seconds: 0
2018/09/24-06:37:22.440319 7f5a32fe6700                       Options.WAL_size_limit_MB: 0
2018/09/24-06:37:22.440321 7f5a32fe6700             Options.manifest_preallocation_size: 4194304
2018/09/24-06:37:22.440323 7f5a32fe6700                     Options.is_fd_close_on_exec: 1
2018/09/24-06:37:22.440325 7f5a32fe6700                   Options.advise_random_on_open: 1
2018/09/24-06:37:22.440327 7f5a32fe6700                    Options.db_write_buffer_size: 0
2018/09/24-06:37:22.440329 7f5a32fe6700         Options.access_hint_on_compaction_start: 1
2018/09/24-06:37:22.440331 7f5a32fe6700  Options.new_table_reader_for_compaction_inputs: 0
2018/09/24-06:37:22.440333 7f5a32fe6700               Options.compaction_readahead_size: 0
2018/09/24-06:37:22.440335 7f5a32fe6700           Options.random_access_max_buffer_size: 1048576
2018/09/24-06:37:22.440337 7f5a32fe6700           Options.writable_file_max_buffer_size: 1048576
2018/09/24-06:37:22.440339 7f5a32fe6700                      Options.use_adaptive_mutex: 0
2018/09/24-06:37:22.440341 7f5a32fe6700                            Options.rate_limiter: (nil)
2018/09/24-06:37:22.440344 7f5a32fe6700     Options.sst_file_manager.rate_bytes_per_sec: 0
2018/09/24-06:37:22.440346 7f5a32fe6700                          Options.bytes_per_sync: 0
2018/09/24-06:37:22.440348 7f5a32fe6700                      Options.wal_bytes_per_sync: 0
2018/09/24-06:37:22.440350 7f5a32fe6700                       Options.wal_recovery_mode: 2
2018/09/24-06:37:22.440372 7f5a32fe6700                  Options.enable_thread_tracking: 0
2018/09/24-06:37:22.440376 7f5a32fe6700                  Options.enable_pipelined_write: 0
2018/09/24-06:37:22.440378 7f5a32fe6700         Options.allow_concurrent_memtable_write: 1
2018/09/24-06:37:22.440380 7f5a32fe6700      Options.enable_write_thread_adaptive_yield: 1
2018/09/24-06:37:22.440382 7f5a32fe6700             Options.write_thread_max_yield_usec: 100
2018/09/24-06:37:22.440384 7f5a32fe6700            Options.write_thread_slow_yield_usec: 3
2018/09/24-06:37:22.440386 7f5a32fe6700                               Options.row_cache: None
2018/09/24-06:37:22.440388 7f5a32fe6700                              Options.wal_filter: None
2018/09/24-06:37:22.440390 7f5a32fe6700             Options.avoid_flush_during_recovery: 0
2018/09/24-06:37:22.440392 7f5a32fe6700             Options.allow_ingest_behind: 0
2018/09/24-06:37:22.440394 7f5a32fe6700             Options.concurrent_prepare: 0
2018/09/24-06:37:22.440396 7f5a32fe6700             Options.manual_wal_flush: 0
2018/09/24-06:37:22.440399 7f5a32fe6700             Options.max_background_jobs: 2
2018/09/24-06:37:22.440401 7f5a32fe6700             Options.max_background_compactions: -1
2018/09/24-06:37:22.440403 7f5a32fe6700             Options.avoid_flush_during_shutdown: 0
2018/09/24-06:37:22.440405 7f5a32fe6700             Options.delayed_write_rate : 16777216
2018/09/24-06:37:22.440407 7f5a32fe6700             Options.max_total_wal_size: 0
2018/09/24-06:37:22.440410 7f5a32fe6700             Options.delete_obsolete_files_period_micros: 21600000000
2018/09/24-06:37:22.440412 7f5a32fe6700                   Options.stats_dump_period_sec: 600
2018/09/24-06:37:22.440414 7f5a32fe6700                          Options.max_open_files: -1
2018/09/24-06:37:22.440416 7f5a32fe6700 Compression algorithms supported:
2018/09/24-06:37:22.440418 7f5a32fe6700 	Snappy supported: 1
2018/09/24-06:37:22.440421 7f5a32fe6700 	Zlib supported: 1
2018/09/24-06:37:22.440423 7f5a32fe6700 	Bzip supported: 1
2018/09/24-06:37:22.440425 7f5a32fe6700 	LZ4 supported: 1
2018/09/24-06:37:22.440427 7f5a32fe6700 	ZSTD supported: 1
2018/09/24-06:37:22.440429 7f5a32fe6700 Fast CRC32 supported: 0
2018/09/24-06:37:22.440557 7f5a32fe6700 [db/db_impl_open.cc:216] Creating manifest 1 
2018/09/24-06:37:22.672015 7f5a32fe6700 [db/version_set.cc:2712] Recovering from manifest file: MANIFEST-000001
2018/09/24-06:37:22.672090 7f5a32fe6700 [db/column_family.cc:413] --------------- Options for column family [default]:
2018/09/24-06:37:22.672095 7f5a32fe6700               Options.comparator: leveldb.BytewiseComparator
2018/09/24-06:37:22.672097 7f5a32fe6700           Options.merge_operator: None
2018/09/24-06:37:22.672099 7f5a32fe6700        Options.compaction_filter: None
2018/09/24-06:37:22.672101 7f5a32fe6700        Options.compaction_filter_factory: None
2018/09/24-06:37:22.672103 7f5a32fe6700         Options.memtable_factory: SkipListFactory
2018/09/24-06:37:22.672105 7f5a32fe6700            Options.table_factory: BlockBasedTable
2018/09/24-06:37:22.672144 7f5a32fe6700            table_factory options:   flush_block_policy_factory: FlushBlockBySizePolicyFactory (0x7f5a2c8403b0)
  cache_index_and_filter_blocks: 0
  cache_index_and_filter_blocks_with_high_priority: 0
  pin_l0_filter_and_index_blocks_in_cache: 0
  index_type: 2
  hash_index_allow_collision: 1
  checksum: 1
  no_block_cache: 0
  block_cache: 0x7f5a2c849ef8
  block_cache_name: LRUCache
  block_cache_options:
    capacity : 104857600
    num_shard_bits : 6
    strict_capacity_limit : 0
    high_pri_pool_ratio: 0.000
  block_cache_compressed: (nil)
  persistent_cache: (nil)
  block_size: 262144
  block_size_deviation: 10
  block_restart_interval: 16
  index_block_restart_interval: 1
  filter_policy: rocksdb.BuiltinBloomFilter
  whole_key_filtering: 1
  format_version: 0
2018/09/24-06:37:22.672149 7f5a32fe6700        Options.write_buffer_size: 52428800
2018/09/24-06:37:22.672151 7f5a32fe6700  Options.max_write_buffer_number: 2
2018/09/24-06:37:22.672182 7f5a32fe6700          Options.compression: Snappy
2018/09/24-06:37:22.672186 7f5a32fe6700                  Options.bottommost_compression: Disabled
2018/09/24-06:37:22.672188 7f5a32fe6700       Options.prefix_extractor: rocksdb.FixedPrefix.4
2018/09/24-06:37:22.672190 7f5a32fe6700   Options.memtable_insert_with_hint_prefix_extractor: nullptr
2018/09/24-06:37:22.672192 7f5a32fe6700             Options.num_levels: 7
2018/09/24-06:37:22.672193 7f5a32fe6700        Options.min_write_buffer_number_to_merge: 1
2018/09/24-06:37:22.672195 7f5a32fe6700     Options.max_write_buffer_number_to_maintain: 0
2018/09/24-06:37:22.672197 7f5a32fe6700            Options.compression_opts.window_bits: -14
2018/09/24-06:37:22.672199 7f5a32fe6700                  Options.compression_opts.level: -1
2018/09/24-06:37:22.672200 7f5a32fe6700               Options.compression_opts.strategy: 0
2018/09/24-06:37:22.672202 7f5a32fe6700         Options.compression_opts.max_dict_bytes: 0
2018/09/24-06:37:22.672233 7f5a32fe6700      Options.level0_file_num_compaction_trigger: 4
2018/09/24-06:37:22.672238 7f5a32fe6700          Options.level0_slowdown_writes_trigger: 20
2018/09/24-06:37:22.672240 7f5a32fe6700              Options.level0_stop_writes_trigger: 36
2018/09/24-06:37:22.672242 7f5a32fe6700                   Options.target_file_size_base: 67108864
2018/09/24-06:37:22.672244 7f5a32fe6700             Options.target_file_size_multiplier: 1
2018/09/24-06:37:22.672245 7f5a32fe6700                Options.max_bytes_for_level_base: 268435456
2018/09/24-06:37:22.672247 7f5a32fe6700 Options.level_compaction_dynamic_level_bytes: 0
2018/09/24-06:37:22.672249 7f5a32fe6700          Options.max_bytes_for_level_multiplier: 10.000000
2018/09/24-06:37:22.672254 7f5a32fe6700 Options.max_bytes_for_level_multiplier_addtl[0]: 1
2018/09/24-06:37:22.672256 7f5a32fe6700 Options.max_bytes_for_level_multiplier_addtl[1]: 1
2018/09/24-06:37:22.672258 7f5a32fe6700 Options.max_bytes_for_level_multiplier_addtl[2]: 1
2018/09/24-06:37:22.672259 7f5a32fe6700 Options.max_bytes_for_level_multiplier_addtl[3]: 1
2018/09/24-06:37:22.672261 7f5a32fe6700 Options.max_bytes_for_level_multiplier_addtl[4]: 1
2018/09/24-06:37:22.672263 7f5a32fe6700 Options.max_bytes_for_level_multiplier_addtl[5]: 1
2018/09/24-06:37:22.672265 7f5a32fe6700 Options.max_bytes_for_level_multiplier_addtl[6]: 1
2018/09/24-06:37:22.672267 7f5a32fe6700       Options.max_sequential_skip_in_iterations: 8
2018/09/24-06:37:22.672269 7f5a32fe6700                    Options.max_compaction_bytes: 1677721600
2018/09/24-06:37:22.672270 7f5a32fe6700                        Options.arena_block_size: 6553600
2018/09/24-06:37:22.672272 7f5a32fe6700   Options.soft_pending_compaction_bytes_limit: 68719476736
2018/09/24-06:37:22.672274 7f5a32fe6700   Options.hard_pending_compaction_bytes_limit: 274877906944
2018/09/24-06:37:22.672276 7f5a32fe6700       Options.rate_limit_delay_max_milliseconds: 100
2018/09/24-06:37:22.672278 7f5a32fe6700                Options.disable_auto_compactions: 0
2018/09/24-06:37:22.672280 7f5a32fe6700                        Options.compaction_style: kCompactionStyleLevel
2018/09/24-06:37:22.672282 7f5a32fe6700                          Options.compaction_pri: kByCompensatedSize
2018/09/24-06:37:22.672284 7f5a32fe6700 Options.compaction_options_universal.size_ratio: 1
2018/09/24-06:37:22.672286 7f5a32fe6700 Options.compaction_options_universal.min_merge_width: 2
2018/09/24-06:37:22.672288 7f5a32fe6700 Options.compaction_options_universal.max_merge_width: 4294967295
2018/09/24-06:37:22.672290 7f5a32fe6700 Options.compaction_options_universal.max_size_amplification_percent: 200
2018/09/24-06:37:22.672292 7f5a32fe6700 Options.compaction_options_universal.compression_size_percent: -1
2018/09/24-06:37:22.672294 7f5a32fe6700 Options.compaction_options_universal.stop_style: kCompactionStopStyleTotalSize
2018/09/24-06:37:22.672295 7f5a32fe6700 Options.compaction_options_fifo.max_table_files_size: 1073741824
2018/09/24-06:37:22.672297 7f5a32fe6700 Options.compaction_options_fifo.allow_compaction: 0
2018/09/24-06:37:22.672316 7f5a32fe6700 Options.compaction_options_fifo.ttl: 0
2018/09/24-06:37:22.672319 7f5a32fe6700                   Options.table_properties_collectors: 
2018/09/24-06:37:22.672321 7f5a32fe6700                   Options.inplace_update_support: 0
2018/09/24-06:37:22.672322 7f5a32fe6700                 Options.inplace_update_num_locks: 10000
2018/09/24-06:37:22.672324 7f5a32fe6700               Options.memtable_prefix_bloom_size_ratio: 0.000000
2018/09/24-06:37:22.672327 7f5a32fe6700   Options.memtable_huge_page_size: 0
2018/09/24-06:37:22.672328 7f5a32fe6700                           Options.bloom_locality: 0
2018/09/24-06:37:22.672330 7f5a32fe6700                    Options.max_successive_merges: 0
2018/09/24-06:37:22.672332 7f5a32fe6700                Options.optimize_filters_for_hits: 0
2018/09/24-06:37:22.672333 7f5a32fe6700                Options.paranoid_file_checks: 0
2018/09/24-06:37:22.672335 7f5a32fe6700                Options.force_consistency_checks: 0
2018/09/24-06:37:22.672337 7f5a32fe6700                Options.report_bg_io_stats: 0
2018/09/24-06:37:22.673285 7f5a32fe6700 [db/version_set.cc:2969] Recovered from manifest file:testDispose//tmp/rdbfactorytest215/MANIFEST-000001 succeeded,manifest_file_number is 1, next_file_number is 3, last_sequence is 0, log_number is 0,prev_log_number is 0,max_column_family is 0
2018/09/24-06:37:22.673308 7f5a32fe6700 [db/version_set.cc:2977] Column family [default] (ID 0), log number is 0
2018/09/24-06:37:22.839130 7f5a32fe6700 [db/db_impl_open.cc:1111] DB pointer 0x7f5a2ceb7b00
2018/09/24-06:38:54.932966 7f59da2f9700 [db/db_impl.cc:222] Shutdown: canceling all background work
2018/09/24-06:38:54.933106 7f59da2f9700 [db/db_impl.cc:348] Shutdown complete
