2018/09/24-08:41:28.311853 7f6520ea5700 RocksDB version: 5.7.3
2018/09/24-08:41:28.311892 7f6520ea5700 Git sha rocksdb_build_git_sha:
2018/09/24-08:41:28.311896 7f6520ea5700 Compile date Sep  1 2017
2018/09/24-08:41:28.311898 7f6520ea5700 DB SUMMARY
2018/09/24-08:41:28.311943 7f6520ea5700 SST files in testDispose//tmp/rdbfactorytest80 dir, Total Num: 0, files: 
2018/09/24-08:41:28.311947 7f6520ea5700 Write Ahead Log file in testDispose//tmp/rdbfactorytest80: 
2018/09/24-08:41:28.311950 7f6520ea5700                         Options.error_if_exists: 0
2018/09/24-08:41:28.311952 7f6520ea5700                       Options.create_if_missing: 1
2018/09/24-08:41:28.311953 7f6520ea5700                         Options.paranoid_checks: 1
2018/09/24-08:41:28.311955 7f6520ea5700                                     Options.env: 0x7f64eca48880
2018/09/24-08:41:28.311957 7f6520ea5700                                Options.info_log: 0x7f6519234240
2018/09/24-08:41:28.311958 7f6520ea5700                Options.max_file_opening_threads: 16
2018/09/24-08:41:28.311960 7f6520ea5700                               Options.use_fsync: 0
2018/09/24-08:41:28.311961 7f6520ea5700                       Options.max_log_file_size: 0
2018/09/24-08:41:28.311963 7f6520ea5700                  Options.max_manifest_file_size: 18446744073709551615
2018/09/24-08:41:28.311964 7f6520ea5700                   Options.log_file_time_to_roll: 0
2018/09/24-08:41:28.311966 7f6520ea5700                       Options.keep_log_file_num: 1000
2018/09/24-08:41:28.311968 7f6520ea5700                    Options.recycle_log_file_num: 0
2018/09/24-08:41:28.311969 7f6520ea5700                         Options.allow_fallocate: 1
2018/09/24-08:41:28.311970 7f6520ea5700                        Options.allow_mmap_reads: 0
2018/09/24-08:41:28.311972 7f6520ea5700                       Options.allow_mmap_writes: 0
2018/09/24-08:41:28.311973 7f6520ea5700                        Options.use_direct_reads: 0
2018/09/24-08:41:28.311975 7f6520ea5700                        Options.use_direct_io_for_flush_and_compaction: 0
2018/09/24-08:41:28.311976 7f6520ea5700          Options.create_missing_column_families: 0
2018/09/24-08:41:28.311978 7f6520ea5700                              Options.db_log_dir: 
2018/09/24-08:41:28.311979 7f6520ea5700                                 Options.wal_dir: testDispose//tmp/rdbfactorytest80
2018/09/24-08:41:28.311981 7f6520ea5700                Options.table_cache_numshardbits: 6
2018/09/24-08:41:28.311982 7f6520ea5700                      Options.max_subcompactions: 1
2018/09/24-08:41:28.311984 7f6520ea5700                  Options.max_background_flushes: -1
2018/09/24-08:41:28.311985 7f6520ea5700                         Options.WAL_ttl_seconds: 0
2018/09/24-08:41:28.311986 7f6520ea5700                       Options.WAL_size_limit_MB: 0
2018/09/24-08:41:28.311988 7f6520ea5700             Options.manifest_preallocation_size: 4194304
2018/09/24-08:41:28.311989 7f6520ea5700                     Options.is_fd_close_on_exec: 1
2018/09/24-08:41:28.311991 7f6520ea5700                   Options.advise_random_on_open: 1
2018/09/24-08:41:28.311992 7f6520ea5700                    Options.db_write_buffer_size: 0
2018/09/24-08:41:28.311994 7f6520ea5700         Options.access_hint_on_compaction_start: 1
2018/09/24-08:41:28.311995 7f6520ea5700  Options.new_table_reader_for_compaction_inputs: 0
2018/09/24-08:41:28.311997 7f6520ea5700               Options.compaction_readahead_size: 0
2018/09/24-08:41:28.311998 7f6520ea5700           Options.random_access_max_buffer_size: 1048576
2018/09/24-08:41:28.312000 7f6520ea5700           Options.writable_file_max_buffer_size: 1048576
2018/09/24-08:41:28.312001 7f6520ea5700                      Options.use_adaptive_mutex: 0
2018/09/24-08:41:28.312002 7f6520ea5700                            Options.rate_limiter: (nil)
2018/09/24-08:41:28.312004 7f6520ea5700     Options.sst_file_manager.rate_bytes_per_sec: 0
2018/09/24-08:41:28.312006 7f6520ea5700                          Options.bytes_per_sync: 0
2018/09/24-08:41:28.312007 7f6520ea5700                      Options.wal_bytes_per_sync: 0
2018/09/24-08:41:28.312008 7f6520ea5700                       Options.wal_recovery_mode: 2
2018/09/24-08:41:28.312026 7f6520ea5700                  Options.enable_thread_tracking: 0
2018/09/24-08:41:28.312029 7f6520ea5700                  Options.enable_pipelined_write: 0
2018/09/24-08:41:28.312030 7f6520ea5700         Options.allow_concurrent_memtable_write: 1
2018/09/24-08:41:28.312032 7f6520ea5700      Options.enable_write_thread_adaptive_yield: 1
2018/09/24-08:41:28.312033 7f6520ea5700             Options.write_thread_max_yield_usec: 100
2018/09/24-08:41:28.312034 7f6520ea5700            Options.write_thread_slow_yield_usec: 3
2018/09/24-08:41:28.312036 7f6520ea5700                               Options.row_cache: None
2018/09/24-08:41:28.312037 7f6520ea5700                              Options.wal_filter: None
2018/09/24-08:41:28.312039 7f6520ea5700             Options.avoid_flush_during_recovery: 0
2018/09/24-08:41:28.312040 7f6520ea5700             Options.allow_ingest_behind: 0
2018/09/24-08:41:28.312042 7f6520ea5700             Options.concurrent_prepare: 0
2018/09/24-08:41:28.312043 7f6520ea5700             Options.manual_wal_flush: 0
2018/09/24-08:41:28.312045 7f6520ea5700             Options.max_background_jobs: 2
2018/09/24-08:41:28.312047 7f6520ea5700             Options.max_background_compactions: -1
2018/09/24-08:41:28.312048 7f6520ea5700             Options.avoid_flush_during_shutdown: 0
2018/09/24-08:41:28.312050 7f6520ea5700             Options.delayed_write_rate : 16777216
2018/09/24-08:41:28.312051 7f6520ea5700             Options.max_total_wal_size: 0
2018/09/24-08:41:28.312053 7f6520ea5700             Options.delete_obsolete_files_period_micros: 21600000000
2018/09/24-08:41:28.312055 7f6520ea5700                   Options.stats_dump_period_sec: 600
2018/09/24-08:41:28.312056 7f6520ea5700                          Options.max_open_files: -1
2018/09/24-08:41:28.312058 7f6520ea5700 Compression algorithms supported:
2018/09/24-08:41:28.312059 7f6520ea5700 	Snappy supported: 1
2018/09/24-08:41:28.312061 7f6520ea5700 	Zlib supported: 1
2018/09/24-08:41:28.312062 7f6520ea5700 	Bzip supported: 1
2018/09/24-08:41:28.312064 7f6520ea5700 	LZ4 supported: 1
2018/09/24-08:41:28.312066 7f6520ea5700 	ZSTD supported: 1
2018/09/24-08:41:28.312067 7f6520ea5700 Fast CRC32 supported: 0
2018/09/24-08:41:28.312194 7f6520ea5700 [db/db_impl_open.cc:216] Creating manifest 1 
2018/09/24-08:41:28.485803 7f6520ea5700 [db/version_set.cc:2712] Recovering from manifest file: MANIFEST-000001
2018/09/24-08:41:28.485867 7f6520ea5700 [db/column_family.cc:413] --------------- Options for column family [default]:
2018/09/24-08:41:28.485870 7f6520ea5700               Options.comparator: leveldb.BytewiseComparator
2018/09/24-08:41:28.485872 7f6520ea5700           Options.merge_operator: None
2018/09/24-08:41:28.485873 7f6520ea5700        Options.compaction_filter: None
2018/09/24-08:41:28.485874 7f6520ea5700        Options.compaction_filter_factory: None
2018/09/24-08:41:28.485875 7f6520ea5700         Options.memtable_factory: SkipListFactory
2018/09/24-08:41:28.485877 7f6520ea5700            Options.table_factory: BlockBasedTable
2018/09/24-08:41:28.485909 7f6520ea5700            table_factory options:   flush_block_policy_factory: FlushBlockBySizePolicyFactory (0x7f651885eec0)
  cache_index_and_filter_blocks: 0
  cache_index_and_filter_blocks_with_high_priority: 0
  pin_l0_filter_and_index_blocks_in_cache: 0
  index_type: 2
  hash_index_allow_collision: 1
  checksum: 1
  no_block_cache: 0
  block_cache: 0x7f651885c9b8
  block_cache_name: LRUCache
  block_cache_options:
    capacity : 104857600
    num_shard_bits : 6
    strict_capacity_limit : 0
    high_pri_pool_ratio: 0.000
  block_cache_compressed: (nil)
  persistent_cache: (nil)
  block_size: 262144
  block_size_deviation: 10
  block_restart_interval: 16
  index_block_restart_interval: 1
  filter_policy: rocksdb.BuiltinBloomFilter
  whole_key_filtering: 1
  format_version: 0
2018/09/24-08:41:28.485913 7f6520ea5700        Options.write_buffer_size: 52428800
2018/09/24-08:41:28.485914 7f6520ea5700  Options.max_write_buffer_number: 2
2018/09/24-08:41:28.485932 7f6520ea5700          Options.compression: Snappy
2018/09/24-08:41:28.485935 7f6520ea5700                  Options.bottommost_compression: Disabled
2018/09/24-08:41:28.485936 7f6520ea5700       Options.prefix_extractor: rocksdb.FixedPrefix.4
2018/09/24-08:41:28.485937 7f6520ea5700   Options.memtable_insert_with_hint_prefix_extractor: nullptr
2018/09/24-08:41:28.485939 7f6520ea5700             Options.num_levels: 7
2018/09/24-08:41:28.485940 7f6520ea5700        Options.min_write_buffer_number_to_merge: 1
2018/09/24-08:41:28.485941 7f6520ea5700     Options.max_write_buffer_number_to_maintain: 0
2018/09/24-08:41:28.485942 7f6520ea5700            Options.compression_opts.window_bits: -14
2018/09/24-08:41:28.485943 7f6520ea5700                  Options.compression_opts.level: -1
2018/09/24-08:41:28.485944 7f6520ea5700               Options.compression_opts.strategy: 0
2018/09/24-08:41:28.485945 7f6520ea5700         Options.compression_opts.max_dict_bytes: 0
2018/09/24-08:41:28.485946 7f6520ea5700      Options.level0_file_num_compaction_trigger: 4
2018/09/24-08:41:28.485948 7f6520ea5700          Options.level0_slowdown_writes_trigger: 20
2018/09/24-08:41:28.485949 7f6520ea5700              Options.level0_stop_writes_trigger: 36
2018/09/24-08:41:28.485950 7f6520ea5700                   Options.target_file_size_base: 67108864
2018/09/24-08:41:28.485951 7f6520ea5700             Options.target_file_size_multiplier: 1
2018/09/24-08:41:28.485952 7f6520ea5700                Options.max_bytes_for_level_base: 268435456
2018/09/24-08:41:28.485953 7f6520ea5700 Options.level_compaction_dynamic_level_bytes: 0
2018/09/24-08:41:28.485954 7f6520ea5700          Options.max_bytes_for_level_multiplier: 10.000000
2018/09/24-08:41:28.485957 7f6520ea5700 Options.max_bytes_for_level_multiplier_addtl[0]: 1
2018/09/24-08:41:28.485959 7f6520ea5700 Options.max_bytes_for_level_multiplier_addtl[1]: 1
2018/09/24-08:41:28.485960 7f6520ea5700 Options.max_bytes_for_level_multiplier_addtl[2]: 1
2018/09/24-08:41:28.485961 7f6520ea5700 Options.max_bytes_for_level_multiplier_addtl[3]: 1
2018/09/24-08:41:28.485962 7f6520ea5700 Options.max_bytes_for_level_multiplier_addtl[4]: 1
2018/09/24-08:41:28.485963 7f6520ea5700 Options.max_bytes_for_level_multiplier_addtl[5]: 1
2018/09/24-08:41:28.485964 7f6520ea5700 Options.max_bytes_for_level_multiplier_addtl[6]: 1
2018/09/24-08:41:28.485965 7f6520ea5700       Options.max_sequential_skip_in_iterations: 8
2018/09/24-08:41:28.485966 7f6520ea5700                    Options.max_compaction_bytes: 1677721600
2018/09/24-08:41:28.485967 7f6520ea5700                        Options.arena_block_size: 6553600
2018/09/24-08:41:28.485969 7f6520ea5700   Options.soft_pending_compaction_bytes_limit: 68719476736
2018/09/24-08:41:28.485970 7f6520ea5700   Options.hard_pending_compaction_bytes_limit: 274877906944
2018/09/24-08:41:28.485971 7f6520ea5700       Options.rate_limit_delay_max_milliseconds: 100
2018/09/24-08:41:28.485972 7f6520ea5700                Options.disable_auto_compactions: 0
2018/09/24-08:41:28.485974 7f6520ea5700                        Options.compaction_style: kCompactionStyleLevel
2018/09/24-08:41:28.485975 7f6520ea5700                          Options.compaction_pri: kByCompensatedSize
2018/09/24-08:41:28.485976 7f6520ea5700 Options.compaction_options_universal.size_ratio: 1
2018/09/24-08:41:28.485977 7f6520ea5700 Options.compaction_options_universal.min_merge_width: 2
2018/09/24-08:41:28.485978 7f6520ea5700 Options.compaction_options_universal.max_merge_width: 4294967295
2018/09/24-08:41:28.485979 7f6520ea5700 Options.compaction_options_universal.max_size_amplification_percent: 200
2018/09/24-08:41:28.485981 7f6520ea5700 Options.compaction_options_universal.compression_size_percent: -1
2018/09/24-08:41:28.485982 7f6520ea5700 Options.compaction_options_universal.stop_style: kCompactionStopStyleTotalSize
2018/09/24-08:41:28.485983 7f6520ea5700 Options.compaction_options_fifo.max_table_files_size: 1073741824
2018/09/24-08:41:28.485984 7f6520ea5700 Options.compaction_options_fifo.allow_compaction: 0
2018/09/24-08:41:28.485999 7f6520ea5700 Options.compaction_options_fifo.ttl: 0
2018/09/24-08:41:28.486001 7f6520ea5700                   Options.table_properties_collectors: 
2018/09/24-08:41:28.486002 7f6520ea5700                   Options.inplace_update_support: 0
2018/09/24-08:41:28.486003 7f6520ea5700                 Options.inplace_update_num_locks: 10000
2018/09/24-08:41:28.486004 7f6520ea5700               Options.memtable_prefix_bloom_size_ratio: 0.000000
2018/09/24-08:41:28.486006 7f6520ea5700   Options.memtable_huge_page_size: 0
2018/09/24-08:41:28.486007 7f6520ea5700                           Options.bloom_locality: 0
2018/09/24-08:41:28.486008 7f6520ea5700                    Options.max_successive_merges: 0
2018/09/24-08:41:28.486009 7f6520ea5700                Options.optimize_filters_for_hits: 0
2018/09/24-08:41:28.486010 7f6520ea5700                Options.paranoid_file_checks: 0
2018/09/24-08:41:28.486011 7f6520ea5700                Options.force_consistency_checks: 0
2018/09/24-08:41:28.486012 7f6520ea5700                Options.report_bg_io_stats: 0
2018/09/24-08:41:28.486679 7f6520ea5700 [db/version_set.cc:2969] Recovered from manifest file:testDispose//tmp/rdbfactorytest80/MANIFEST-000001 succeeded,manifest_file_number is 1, next_file_number is 3, last_sequence is 0, log_number is 0,prev_log_number is 0,max_column_family is 0
2018/09/24-08:41:28.486684 7f6520ea5700 [db/version_set.cc:2977] Column family [default] (ID 0), log number is 0
2018/09/24-08:41:28.601009 7f6520ea5700 [db/db_impl_open.cc:1111] DB pointer 0x7f6519233490
2018/09/24-08:42:23.875910 7f6520ea5700 [db/db_impl.cc:222] Shutdown: canceling all background work
2018/09/24-08:42:23.876123 7f6520ea5700 [db/db_impl.cc:348] Shutdown complete
