2018/09/24-06:37:23.273417 7f5a32fe6700 RocksDB version: 5.7.3
2018/09/24-06:37:23.273463 7f5a32fe6700 Git sha rocksdb_build_git_sha:
2018/09/24-06:37:23.273468 7f5a32fe6700 Compile date Sep  1 2017
2018/09/24-06:37:23.273471 7f5a32fe6700 DB SUMMARY
2018/09/24-06:37:23.273519 7f5a32fe6700 SST files in testDispose//tmp/rdbfactorytest217 dir, Total Num: 0, files: 
2018/09/24-06:37:23.273524 7f5a32fe6700 Write Ahead Log file in testDispose//tmp/rdbfactorytest217: 
2018/09/24-06:37:23.273528 7f5a32fe6700                         Options.error_if_exists: 0
2018/09/24-06:37:23.273531 7f5a32fe6700                       Options.create_if_missing: 1
2018/09/24-06:37:23.273533 7f5a32fe6700                         Options.paranoid_checks: 1
2018/09/24-06:37:23.273535 7f5a32fe6700                                     Options.env: 0x7f59daf89880
2018/09/24-06:37:23.273537 7f5a32fe6700                                Options.info_log: 0x7f5a2cf9ee80
2018/09/24-06:37:23.273539 7f5a32fe6700                Options.max_file_opening_threads: 16
2018/09/24-06:37:23.273542 7f5a32fe6700                               Options.use_fsync: 0
2018/09/24-06:37:23.273544 7f5a32fe6700                       Options.max_log_file_size: 0
2018/09/24-06:37:23.273546 7f5a32fe6700                  Options.max_manifest_file_size: 18446744073709551615
2018/09/24-06:37:23.273548 7f5a32fe6700                   Options.log_file_time_to_roll: 0
2018/09/24-06:37:23.273550 7f5a32fe6700                       Options.keep_log_file_num: 1000
2018/09/24-06:37:23.273552 7f5a32fe6700                    Options.recycle_log_file_num: 0
2018/09/24-06:37:23.273554 7f5a32fe6700                         Options.allow_fallocate: 1
2018/09/24-06:37:23.273556 7f5a32fe6700                        Options.allow_mmap_reads: 0
2018/09/24-06:37:23.273558 7f5a32fe6700                       Options.allow_mmap_writes: 0
2018/09/24-06:37:23.273560 7f5a32fe6700                        Options.use_direct_reads: 0
2018/09/24-06:37:23.273562 7f5a32fe6700                        Options.use_direct_io_for_flush_and_compaction: 0
2018/09/24-06:37:23.273565 7f5a32fe6700          Options.create_missing_column_families: 0
2018/09/24-06:37:23.273567 7f5a32fe6700                              Options.db_log_dir: 
2018/09/24-06:37:23.273569 7f5a32fe6700                                 Options.wal_dir: testDispose//tmp/rdbfactorytest217
2018/09/24-06:37:23.273571 7f5a32fe6700                Options.table_cache_numshardbits: 6
2018/09/24-06:37:23.273573 7f5a32fe6700                      Options.max_subcompactions: 1
2018/09/24-06:37:23.273575 7f5a32fe6700                  Options.max_background_flushes: -1
2018/09/24-06:37:23.273577 7f5a32fe6700                         Options.WAL_ttl_seconds: 0
2018/09/24-06:37:23.273579 7f5a32fe6700                       Options.WAL_size_limit_MB: 0
2018/09/24-06:37:23.273581 7f5a32fe6700             Options.manifest_preallocation_size: 4194304
2018/09/24-06:37:23.273583 7f5a32fe6700                     Options.is_fd_close_on_exec: 1
2018/09/24-06:37:23.273585 7f5a32fe6700                   Options.advise_random_on_open: 1
2018/09/24-06:37:23.273587 7f5a32fe6700                    Options.db_write_buffer_size: 0
2018/09/24-06:37:23.273589 7f5a32fe6700         Options.access_hint_on_compaction_start: 1
2018/09/24-06:37:23.273591 7f5a32fe6700  Options.new_table_reader_for_compaction_inputs: 0
2018/09/24-06:37:23.273593 7f5a32fe6700               Options.compaction_readahead_size: 0
2018/09/24-06:37:23.273595 7f5a32fe6700           Options.random_access_max_buffer_size: 1048576
2018/09/24-06:37:23.273597 7f5a32fe6700           Options.writable_file_max_buffer_size: 1048576
2018/09/24-06:37:23.273599 7f5a32fe6700                      Options.use_adaptive_mutex: 0
2018/09/24-06:37:23.273601 7f5a32fe6700                            Options.rate_limiter: (nil)
2018/09/24-06:37:23.273604 7f5a32fe6700     Options.sst_file_manager.rate_bytes_per_sec: 0
2018/09/24-06:37:23.273606 7f5a32fe6700                          Options.bytes_per_sync: 0
2018/09/24-06:37:23.273608 7f5a32fe6700                      Options.wal_bytes_per_sync: 0
2018/09/24-06:37:23.273610 7f5a32fe6700                       Options.wal_recovery_mode: 2
2018/09/24-06:37:23.273631 7f5a32fe6700                  Options.enable_thread_tracking: 0
2018/09/24-06:37:23.273635 7f5a32fe6700                  Options.enable_pipelined_write: 0
2018/09/24-06:37:23.273637 7f5a32fe6700         Options.allow_concurrent_memtable_write: 1
2018/09/24-06:37:23.273639 7f5a32fe6700      Options.enable_write_thread_adaptive_yield: 1
2018/09/24-06:37:23.273641 7f5a32fe6700             Options.write_thread_max_yield_usec: 100
2018/09/24-06:37:23.273643 7f5a32fe6700            Options.write_thread_slow_yield_usec: 3
2018/09/24-06:37:23.273645 7f5a32fe6700                               Options.row_cache: None
2018/09/24-06:37:23.273647 7f5a32fe6700                              Options.wal_filter: None
2018/09/24-06:37:23.273649 7f5a32fe6700             Options.avoid_flush_during_recovery: 0
2018/09/24-06:37:23.273651 7f5a32fe6700             Options.allow_ingest_behind: 0
2018/09/24-06:37:23.273654 7f5a32fe6700             Options.concurrent_prepare: 0
2018/09/24-06:37:23.273656 7f5a32fe6700             Options.manual_wal_flush: 0
2018/09/24-06:37:23.273658 7f5a32fe6700             Options.max_background_jobs: 2
2018/09/24-06:37:23.273660 7f5a32fe6700             Options.max_background_compactions: -1
2018/09/24-06:37:23.273662 7f5a32fe6700             Options.avoid_flush_during_shutdown: 0
2018/09/24-06:37:23.273665 7f5a32fe6700             Options.delayed_write_rate : 16777216
2018/09/24-06:37:23.273667 7f5a32fe6700             Options.max_total_wal_size: 0
2018/09/24-06:37:23.273669 7f5a32fe6700             Options.delete_obsolete_files_period_micros: 21600000000
2018/09/24-06:37:23.273672 7f5a32fe6700                   Options.stats_dump_period_sec: 600
2018/09/24-06:37:23.273674 7f5a32fe6700                          Options.max_open_files: -1
2018/09/24-06:37:23.273676 7f5a32fe6700 Compression algorithms supported:
2018/09/24-06:37:23.273678 7f5a32fe6700 	Snappy supported: 1
2018/09/24-06:37:23.273680 7f5a32fe6700 	Zlib supported: 1
2018/09/24-06:37:23.273682 7f5a32fe6700 	Bzip supported: 1
2018/09/24-06:37:23.273684 7f5a32fe6700 	LZ4 supported: 1
2018/09/24-06:37:23.273687 7f5a32fe6700 	ZSTD supported: 1
2018/09/24-06:37:23.273689 7f5a32fe6700 Fast CRC32 supported: 0
2018/09/24-06:37:23.273817 7f5a32fe6700 [db/db_impl_open.cc:216] Creating manifest 1 
2018/09/24-06:37:23.482109 7f5a32fe6700 [db/version_set.cc:2712] Recovering from manifest file: MANIFEST-000001
2018/09/24-06:37:23.482187 7f5a32fe6700 [db/column_family.cc:413] --------------- Options for column family [default]:
2018/09/24-06:37:23.482192 7f5a32fe6700               Options.comparator: leveldb.BytewiseComparator
2018/09/24-06:37:23.482195 7f5a32fe6700           Options.merge_operator: None
2018/09/24-06:37:23.482197 7f5a32fe6700        Options.compaction_filter: None
2018/09/24-06:37:23.482199 7f5a32fe6700        Options.compaction_filter_factory: None
2018/09/24-06:37:23.482202 7f5a32fe6700         Options.memtable_factory: SkipListFactory
2018/09/24-06:37:23.482222 7f5a32fe6700            Options.table_factory: BlockBasedTable
2018/09/24-06:37:23.482263 7f5a32fe6700            table_factory options:   flush_block_policy_factory: FlushBlockBySizePolicyFactory (0x7f5a2c8403b0)
  cache_index_and_filter_blocks: 0
  cache_index_and_filter_blocks_with_high_priority: 0
  pin_l0_filter_and_index_blocks_in_cache: 0
  index_type: 2
  hash_index_allow_collision: 1
  checksum: 1
  no_block_cache: 0
  block_cache: 0x7f5a2c849ef8
  block_cache_name: LRUCache
  block_cache_options:
    capacity : 104857600
    num_shard_bits : 6
    strict_capacity_limit : 0
    high_pri_pool_ratio: 0.000
  block_cache_compressed: (nil)
  persistent_cache: (nil)
  block_size: 262144
  block_size_deviation: 10
  block_restart_interval: 16
  index_block_restart_interval: 1
  filter_policy: rocksdb.BuiltinBloomFilter
  whole_key_filtering: 1
  format_version: 0
2018/09/24-06:37:23.482268 7f5a32fe6700        Options.write_buffer_size: 52428800
2018/09/24-06:37:23.482271 7f5a32fe6700  Options.max_write_buffer_number: 2
2018/09/24-06:37:23.482299 7f5a32fe6700          Options.compression: Snappy
2018/09/24-06:37:23.482303 7f5a32fe6700                  Options.bottommost_compression: Disabled
2018/09/24-06:37:23.482306 7f5a32fe6700       Options.prefix_extractor: rocksdb.FixedPrefix.4
2018/09/24-06:37:23.482308 7f5a32fe6700   Options.memtable_insert_with_hint_prefix_extractor: nullptr
2018/09/24-06:37:23.482311 7f5a32fe6700             Options.num_levels: 7
2018/09/24-06:37:23.482313 7f5a32fe6700        Options.min_write_buffer_number_to_merge: 1
2018/09/24-06:37:23.482315 7f5a32fe6700     Options.max_write_buffer_number_to_maintain: 0
2018/09/24-06:37:23.482318 7f5a32fe6700            Options.compression_opts.window_bits: -14
2018/09/24-06:37:23.482320 7f5a32fe6700                  Options.compression_opts.level: -1
2018/09/24-06:37:23.482322 7f5a32fe6700               Options.compression_opts.strategy: 0
2018/09/24-06:37:23.482324 7f5a32fe6700         Options.compression_opts.max_dict_bytes: 0
2018/09/24-06:37:23.482326 7f5a32fe6700      Options.level0_file_num_compaction_trigger: 4
2018/09/24-06:37:23.482328 7f5a32fe6700          Options.level0_slowdown_writes_trigger: 20
2018/09/24-06:37:23.482331 7f5a32fe6700              Options.level0_stop_writes_trigger: 36
2018/09/24-06:37:23.482333 7f5a32fe6700                   Options.target_file_size_base: 67108864
2018/09/24-06:37:23.482335 7f5a32fe6700             Options.target_file_size_multiplier: 1
2018/09/24-06:37:23.482337 7f5a32fe6700                Options.max_bytes_for_level_base: 268435456
2018/09/24-06:37:23.482339 7f5a32fe6700 Options.level_compaction_dynamic_level_bytes: 0
2018/09/24-06:37:23.482341 7f5a32fe6700          Options.max_bytes_for_level_multiplier: 10.000000
2018/09/24-06:37:23.482346 7f5a32fe6700 Options.max_bytes_for_level_multiplier_addtl[0]: 1
2018/09/24-06:37:23.482349 7f5a32fe6700 Options.max_bytes_for_level_multiplier_addtl[1]: 1
2018/09/24-06:37:23.482351 7f5a32fe6700 Options.max_bytes_for_level_multiplier_addtl[2]: 1
2018/09/24-06:37:23.482353 7f5a32fe6700 Options.max_bytes_for_level_multiplier_addtl[3]: 1
2018/09/24-06:37:23.482355 7f5a32fe6700 Options.max_bytes_for_level_multiplier_addtl[4]: 1
2018/09/24-06:37:23.482357 7f5a32fe6700 Options.max_bytes_for_level_multiplier_addtl[5]: 1
2018/09/24-06:37:23.482359 7f5a32fe6700 Options.max_bytes_for_level_multiplier_addtl[6]: 1
2018/09/24-06:37:23.482362 7f5a32fe6700       Options.max_sequential_skip_in_iterations: 8
2018/09/24-06:37:23.482364 7f5a32fe6700                    Options.max_compaction_bytes: 1677721600
2018/09/24-06:37:23.482366 7f5a32fe6700                        Options.arena_block_size: 6553600
2018/09/24-06:37:23.482368 7f5a32fe6700   Options.soft_pending_compaction_bytes_limit: 68719476736
2018/09/24-06:37:23.482371 7f5a32fe6700   Options.hard_pending_compaction_bytes_limit: 274877906944
2018/09/24-06:37:23.482373 7f5a32fe6700       Options.rate_limit_delay_max_milliseconds: 100
2018/09/24-06:37:23.482375 7f5a32fe6700                Options.disable_auto_compactions: 0
2018/09/24-06:37:23.482378 7f5a32fe6700                        Options.compaction_style: kCompactionStyleLevel
2018/09/24-06:37:23.482380 7f5a32fe6700                          Options.compaction_pri: kByCompensatedSize
2018/09/24-06:37:23.482382 7f5a32fe6700 Options.compaction_options_universal.size_ratio: 1
2018/09/24-06:37:23.482385 7f5a32fe6700 Options.compaction_options_universal.min_merge_width: 2
2018/09/24-06:37:23.482387 7f5a32fe6700 Options.compaction_options_universal.max_merge_width: 4294967295
2018/09/24-06:37:23.482389 7f5a32fe6700 Options.compaction_options_universal.max_size_amplification_percent: 200
2018/09/24-06:37:23.482391 7f5a32fe6700 Options.compaction_options_universal.compression_size_percent: -1
2018/09/24-06:37:23.482394 7f5a32fe6700 Options.compaction_options_universal.stop_style: kCompactionStopStyleTotalSize
2018/09/24-06:37:23.482396 7f5a32fe6700 Options.compaction_options_fifo.max_table_files_size: 1073741824
2018/09/24-06:37:23.482398 7f5a32fe6700 Options.compaction_options_fifo.allow_compaction: 0
2018/09/24-06:37:23.482416 7f5a32fe6700 Options.compaction_options_fifo.ttl: 0
2018/09/24-06:37:23.482420 7f5a32fe6700                   Options.table_properties_collectors: 
2018/09/24-06:37:23.482422 7f5a32fe6700                   Options.inplace_update_support: 0
2018/09/24-06:37:23.482424 7f5a32fe6700                 Options.inplace_update_num_locks: 10000
2018/09/24-06:37:23.482426 7f5a32fe6700               Options.memtable_prefix_bloom_size_ratio: 0.000000
2018/09/24-06:37:23.482429 7f5a32fe6700   Options.memtable_huge_page_size: 0
2018/09/24-06:37:23.482432 7f5a32fe6700                           Options.bloom_locality: 0
2018/09/24-06:37:23.482434 7f5a32fe6700                    Options.max_successive_merges: 0
2018/09/24-06:37:23.482436 7f5a32fe6700                Options.optimize_filters_for_hits: 0
2018/09/24-06:37:23.482438 7f5a32fe6700                Options.paranoid_file_checks: 0
2018/09/24-06:37:23.482440 7f5a32fe6700                Options.force_consistency_checks: 0
2018/09/24-06:37:23.482442 7f5a32fe6700                Options.report_bg_io_stats: 0
2018/09/24-06:37:23.483514 7f5a32fe6700 [db/version_set.cc:2969] Recovered from manifest file:testDispose//tmp/rdbfactorytest217/MANIFEST-000001 succeeded,manifest_file_number is 1, next_file_number is 3, last_sequence is 0, log_number is 0,prev_log_number is 0,max_column_family is 0
2018/09/24-06:37:23.483522 7f5a32fe6700 [db/version_set.cc:2977] Column family [default] (ID 0), log number is 0
2018/09/24-06:37:23.689142 7f5a32fe6700 [db/db_impl_open.cc:1111] DB pointer 0x7f5a2cf813d0
2018/09/24-06:38:54.930747 7f59da2f9700 [db/db_impl.cc:222] Shutdown: canceling all background work
2018/09/24-06:38:54.930869 7f59da2f9700 [db/db_impl.cc:348] Shutdown complete
