2018/09/24-06:36:26.174985 7f5a32fe6700 RocksDB version: 5.7.3
2018/09/24-06:36:26.175030 7f5a32fe6700 Git sha rocksdb_build_git_sha:
2018/09/24-06:36:26.175034 7f5a32fe6700 Compile date Sep  1 2017
2018/09/24-06:36:26.175037 7f5a32fe6700 DB SUMMARY
2018/09/24-06:36:26.175092 7f5a32fe6700 SST files in testDispose//tmp/rdbfactorytest43 dir, Total Num: 0, files: 
2018/09/24-06:36:26.175097 7f5a32fe6700 Write Ahead Log file in testDispose//tmp/rdbfactorytest43: 
2018/09/24-06:36:26.175101 7f5a32fe6700                         Options.error_if_exists: 0
2018/09/24-06:36:26.175103 7f5a32fe6700                       Options.create_if_missing: 1
2018/09/24-06:36:26.175106 7f5a32fe6700                         Options.paranoid_checks: 1
2018/09/24-06:36:26.175108 7f5a32fe6700                                     Options.env: 0x7f59daf89880
2018/09/24-06:36:26.175110 7f5a32fe6700                                Options.info_log: 0x7f5a2cd72370
2018/09/24-06:36:26.175112 7f5a32fe6700                Options.max_file_opening_threads: 16
2018/09/24-06:36:26.175115 7f5a32fe6700                               Options.use_fsync: 0
2018/09/24-06:36:26.175117 7f5a32fe6700                       Options.max_log_file_size: 0
2018/09/24-06:36:26.175119 7f5a32fe6700                  Options.max_manifest_file_size: 18446744073709551615
2018/09/24-06:36:26.175121 7f5a32fe6700                   Options.log_file_time_to_roll: 0
2018/09/24-06:36:26.175123 7f5a32fe6700                       Options.keep_log_file_num: 1000
2018/09/24-06:36:26.175126 7f5a32fe6700                    Options.recycle_log_file_num: 0
2018/09/24-06:36:26.175128 7f5a32fe6700                         Options.allow_fallocate: 1
2018/09/24-06:36:26.175130 7f5a32fe6700                        Options.allow_mmap_reads: 0
2018/09/24-06:36:26.175132 7f5a32fe6700                       Options.allow_mmap_writes: 0
2018/09/24-06:36:26.175134 7f5a32fe6700                        Options.use_direct_reads: 0
2018/09/24-06:36:26.175136 7f5a32fe6700                        Options.use_direct_io_for_flush_and_compaction: 0
2018/09/24-06:36:26.175138 7f5a32fe6700          Options.create_missing_column_families: 0
2018/09/24-06:36:26.175140 7f5a32fe6700                              Options.db_log_dir: 
2018/09/24-06:36:26.175142 7f5a32fe6700                                 Options.wal_dir: testDispose//tmp/rdbfactorytest43
2018/09/24-06:36:26.175144 7f5a32fe6700                Options.table_cache_numshardbits: 6
2018/09/24-06:36:26.175146 7f5a32fe6700                      Options.max_subcompactions: 1
2018/09/24-06:36:26.175148 7f5a32fe6700                  Options.max_background_flushes: -1
2018/09/24-06:36:26.175151 7f5a32fe6700                         Options.WAL_ttl_seconds: 0
2018/09/24-06:36:26.175153 7f5a32fe6700                       Options.WAL_size_limit_MB: 0
2018/09/24-06:36:26.175155 7f5a32fe6700             Options.manifest_preallocation_size: 4194304
2018/09/24-06:36:26.175157 7f5a32fe6700                     Options.is_fd_close_on_exec: 1
2018/09/24-06:36:26.175159 7f5a32fe6700                   Options.advise_random_on_open: 1
2018/09/24-06:36:26.175161 7f5a32fe6700                    Options.db_write_buffer_size: 0
2018/09/24-06:36:26.175163 7f5a32fe6700         Options.access_hint_on_compaction_start: 1
2018/09/24-06:36:26.175165 7f5a32fe6700  Options.new_table_reader_for_compaction_inputs: 0
2018/09/24-06:36:26.175167 7f5a32fe6700               Options.compaction_readahead_size: 0
2018/09/24-06:36:26.175169 7f5a32fe6700           Options.random_access_max_buffer_size: 1048576
2018/09/24-06:36:26.175171 7f5a32fe6700           Options.writable_file_max_buffer_size: 1048576
2018/09/24-06:36:26.175174 7f5a32fe6700                      Options.use_adaptive_mutex: 0
2018/09/24-06:36:26.175176 7f5a32fe6700                            Options.rate_limiter: (nil)
2018/09/24-06:36:26.175178 7f5a32fe6700     Options.sst_file_manager.rate_bytes_per_sec: 0
2018/09/24-06:36:26.175180 7f5a32fe6700                          Options.bytes_per_sync: 0
2018/09/24-06:36:26.175182 7f5a32fe6700                      Options.wal_bytes_per_sync: 0
2018/09/24-06:36:26.175185 7f5a32fe6700                       Options.wal_recovery_mode: 2
2018/09/24-06:36:26.175216 7f5a32fe6700                  Options.enable_thread_tracking: 0
2018/09/24-06:36:26.175220 7f5a32fe6700                  Options.enable_pipelined_write: 0
2018/09/24-06:36:26.175222 7f5a32fe6700         Options.allow_concurrent_memtable_write: 1
2018/09/24-06:36:26.175224 7f5a32fe6700      Options.enable_write_thread_adaptive_yield: 1
2018/09/24-06:36:26.175226 7f5a32fe6700             Options.write_thread_max_yield_usec: 100
2018/09/24-06:36:26.175229 7f5a32fe6700            Options.write_thread_slow_yield_usec: 3
2018/09/24-06:36:26.175231 7f5a32fe6700                               Options.row_cache: None
2018/09/24-06:36:26.175233 7f5a32fe6700                              Options.wal_filter: None
2018/09/24-06:36:26.175235 7f5a32fe6700             Options.avoid_flush_during_recovery: 0
2018/09/24-06:36:26.175237 7f5a32fe6700             Options.allow_ingest_behind: 0
2018/09/24-06:36:26.175239 7f5a32fe6700             Options.concurrent_prepare: 0
2018/09/24-06:36:26.175242 7f5a32fe6700             Options.manual_wal_flush: 0
2018/09/24-06:36:26.175244 7f5a32fe6700             Options.max_background_jobs: 2
2018/09/24-06:36:26.175246 7f5a32fe6700             Options.max_background_compactions: -1
2018/09/24-06:36:26.175248 7f5a32fe6700             Options.avoid_flush_during_shutdown: 0
2018/09/24-06:36:26.175250 7f5a32fe6700             Options.delayed_write_rate : 16777216
2018/09/24-06:36:26.175253 7f5a32fe6700             Options.max_total_wal_size: 0
2018/09/24-06:36:26.175255 7f5a32fe6700             Options.delete_obsolete_files_period_micros: 21600000000
2018/09/24-06:36:26.175257 7f5a32fe6700                   Options.stats_dump_period_sec: 600
2018/09/24-06:36:26.175260 7f5a32fe6700                          Options.max_open_files: -1
2018/09/24-06:36:26.175262 7f5a32fe6700 Compression algorithms supported:
2018/09/24-06:36:26.175264 7f5a32fe6700 	Snappy supported: 1
2018/09/24-06:36:26.175266 7f5a32fe6700 	Zlib supported: 1
2018/09/24-06:36:26.175268 7f5a32fe6700 	Bzip supported: 1
2018/09/24-06:36:26.175270 7f5a32fe6700 	LZ4 supported: 1
2018/09/24-06:36:26.175273 7f5a32fe6700 	ZSTD supported: 1
2018/09/24-06:36:26.175275 7f5a32fe6700 Fast CRC32 supported: 0
2018/09/24-06:36:26.175406 7f5a32fe6700 [db/db_impl_open.cc:216] Creating manifest 1 
2018/09/24-06:36:26.390531 7f5a32fe6700 [db/version_set.cc:2712] Recovering from manifest file: MANIFEST-000001
2018/09/24-06:36:26.390632 7f5a32fe6700 [db/column_family.cc:413] --------------- Options for column family [default]:
2018/09/24-06:36:26.390637 7f5a32fe6700               Options.comparator: leveldb.BytewiseComparator
2018/09/24-06:36:26.390640 7f5a32fe6700           Options.merge_operator: None
2018/09/24-06:36:26.390642 7f5a32fe6700        Options.compaction_filter: None
2018/09/24-06:36:26.390643 7f5a32fe6700        Options.compaction_filter_factory: None
2018/09/24-06:36:26.390645 7f5a32fe6700         Options.memtable_factory: SkipListFactory
2018/09/24-06:36:26.390648 7f5a32fe6700            Options.table_factory: BlockBasedTable
2018/09/24-06:36:26.390690 7f5a32fe6700            table_factory options:   flush_block_policy_factory: FlushBlockBySizePolicyFactory (0x7f5a2c8403b0)
  cache_index_and_filter_blocks: 0
  cache_index_and_filter_blocks_with_high_priority: 0
  pin_l0_filter_and_index_blocks_in_cache: 0
  index_type: 2
  hash_index_allow_collision: 1
  checksum: 1
  no_block_cache: 0
  block_cache: 0x7f5a2c849ef8
  block_cache_name: LRUCache
  block_cache_options:
    capacity : 104857600
    num_shard_bits : 6
    strict_capacity_limit : 0
    high_pri_pool_ratio: 0.000
  block_cache_compressed: (nil)
  persistent_cache: (nil)
  block_size: 262144
  block_size_deviation: 10
  block_restart_interval: 16
  index_block_restart_interval: 1
  filter_policy: rocksdb.BuiltinBloomFilter
  whole_key_filtering: 1
  format_version: 0
2018/09/24-06:36:26.390698 7f5a32fe6700        Options.write_buffer_size: 52428800
2018/09/24-06:36:26.390700 7f5a32fe6700  Options.max_write_buffer_number: 2
2018/09/24-06:36:26.390725 7f5a32fe6700          Options.compression: Snappy
2018/09/24-06:36:26.390728 7f5a32fe6700                  Options.bottommost_compression: Disabled
2018/09/24-06:36:26.390731 7f5a32fe6700       Options.prefix_extractor: rocksdb.FixedPrefix.4
2018/09/24-06:36:26.390732 7f5a32fe6700   Options.memtable_insert_with_hint_prefix_extractor: nullptr
2018/09/24-06:36:26.390734 7f5a32fe6700             Options.num_levels: 7
2018/09/24-06:36:26.390736 7f5a32fe6700        Options.min_write_buffer_number_to_merge: 1
2018/09/24-06:36:26.390738 7f5a32fe6700     Options.max_write_buffer_number_to_maintain: 0
2018/09/24-06:36:26.390740 7f5a32fe6700            Options.compression_opts.window_bits: -14
2018/09/24-06:36:26.390742 7f5a32fe6700                  Options.compression_opts.level: -1
2018/09/24-06:36:26.390744 7f5a32fe6700               Options.compression_opts.strategy: 0
2018/09/24-06:36:26.390745 7f5a32fe6700         Options.compression_opts.max_dict_bytes: 0
2018/09/24-06:36:26.390747 7f5a32fe6700      Options.level0_file_num_compaction_trigger: 4
2018/09/24-06:36:26.390749 7f5a32fe6700          Options.level0_slowdown_writes_trigger: 20
2018/09/24-06:36:26.390751 7f5a32fe6700              Options.level0_stop_writes_trigger: 36
2018/09/24-06:36:26.390753 7f5a32fe6700                   Options.target_file_size_base: 67108864
2018/09/24-06:36:26.390755 7f5a32fe6700             Options.target_file_size_multiplier: 1
2018/09/24-06:36:26.390756 7f5a32fe6700                Options.max_bytes_for_level_base: 268435456
2018/09/24-06:36:26.390758 7f5a32fe6700 Options.level_compaction_dynamic_level_bytes: 0
2018/09/24-06:36:26.390760 7f5a32fe6700          Options.max_bytes_for_level_multiplier: 10.000000
2018/09/24-06:36:26.390765 7f5a32fe6700 Options.max_bytes_for_level_multiplier_addtl[0]: 1
2018/09/24-06:36:26.390767 7f5a32fe6700 Options.max_bytes_for_level_multiplier_addtl[1]: 1
2018/09/24-06:36:26.390769 7f5a32fe6700 Options.max_bytes_for_level_multiplier_addtl[2]: 1
2018/09/24-06:36:26.390771 7f5a32fe6700 Options.max_bytes_for_level_multiplier_addtl[3]: 1
2018/09/24-06:36:26.390772 7f5a32fe6700 Options.max_bytes_for_level_multiplier_addtl[4]: 1
2018/09/24-06:36:26.390774 7f5a32fe6700 Options.max_bytes_for_level_multiplier_addtl[5]: 1
2018/09/24-06:36:26.390776 7f5a32fe6700 Options.max_bytes_for_level_multiplier_addtl[6]: 1
2018/09/24-06:36:26.390778 7f5a32fe6700       Options.max_sequential_skip_in_iterations: 8
2018/09/24-06:36:26.390780 7f5a32fe6700                    Options.max_compaction_bytes: 1677721600
2018/09/24-06:36:26.390782 7f5a32fe6700                        Options.arena_block_size: 6553600
2018/09/24-06:36:26.390783 7f5a32fe6700   Options.soft_pending_compaction_bytes_limit: 68719476736
2018/09/24-06:36:26.390785 7f5a32fe6700   Options.hard_pending_compaction_bytes_limit: 274877906944
2018/09/24-06:36:26.390787 7f5a32fe6700       Options.rate_limit_delay_max_milliseconds: 100
2018/09/24-06:36:26.390789 7f5a32fe6700                Options.disable_auto_compactions: 0
2018/09/24-06:36:26.390792 7f5a32fe6700                        Options.compaction_style: kCompactionStyleLevel
2018/09/24-06:36:26.390794 7f5a32fe6700                          Options.compaction_pri: kByCompensatedSize
2018/09/24-06:36:26.390795 7f5a32fe6700 Options.compaction_options_universal.size_ratio: 1
2018/09/24-06:36:26.390797 7f5a32fe6700 Options.compaction_options_universal.min_merge_width: 2
2018/09/24-06:36:26.390799 7f5a32fe6700 Options.compaction_options_universal.max_merge_width: 4294967295
2018/09/24-06:36:26.390801 7f5a32fe6700 Options.compaction_options_universal.max_size_amplification_percent: 200
2018/09/24-06:36:26.390803 7f5a32fe6700 Options.compaction_options_universal.compression_size_percent: -1
2018/09/24-06:36:26.390805 7f5a32fe6700 Options.compaction_options_universal.stop_style: kCompactionStopStyleTotalSize
2018/09/24-06:36:26.390807 7f5a32fe6700 Options.compaction_options_fifo.max_table_files_size: 1073741824
2018/09/24-06:36:26.390809 7f5a32fe6700 Options.compaction_options_fifo.allow_compaction: 0
2018/09/24-06:36:26.390824 7f5a32fe6700 Options.compaction_options_fifo.ttl: 0
2018/09/24-06:36:26.390827 7f5a32fe6700                   Options.table_properties_collectors: 
2018/09/24-06:36:26.390829 7f5a32fe6700                   Options.inplace_update_support: 0
2018/09/24-06:36:26.390831 7f5a32fe6700                 Options.inplace_update_num_locks: 10000
2018/09/24-06:36:26.390833 7f5a32fe6700               Options.memtable_prefix_bloom_size_ratio: 0.000000
2018/09/24-06:36:26.390835 7f5a32fe6700   Options.memtable_huge_page_size: 0
2018/09/24-06:36:26.390837 7f5a32fe6700                           Options.bloom_locality: 0
2018/09/24-06:36:26.390839 7f5a32fe6700                    Options.max_successive_merges: 0
2018/09/24-06:36:26.390841 7f5a32fe6700                Options.optimize_filters_for_hits: 0
2018/09/24-06:36:26.390843 7f5a32fe6700                Options.paranoid_file_checks: 0
2018/09/24-06:36:26.390845 7f5a32fe6700                Options.force_consistency_checks: 0
2018/09/24-06:36:26.390847 7f5a32fe6700                Options.report_bg_io_stats: 0
2018/09/24-06:36:26.391861 7f5a32fe6700 [db/version_set.cc:2969] Recovered from manifest file:testDispose//tmp/rdbfactorytest43/MANIFEST-000001 succeeded,manifest_file_number is 1, next_file_number is 3, last_sequence is 0, log_number is 0,prev_log_number is 0,max_column_family is 0
2018/09/24-06:36:26.391869 7f5a32fe6700 [db/version_set.cc:2977] Column family [default] (ID 0), log number is 0
2018/09/24-06:36:26.543863 7f5a32fe6700 [db/db_impl_open.cc:1111] DB pointer 0x7f5a2cd715c0
2018/09/24-06:37:17.281367 7f5a32fe6700 [db/db_impl.cc:222] Shutdown: canceling all background work
2018/09/24-06:37:17.281537 7f5a32fe6700 [db/db_impl.cc:348] Shutdown complete
