2018/09/24-08:42:17.758818 7f6520ea5700 RocksDB version: 5.7.3
2018/09/24-08:42:17.758865 7f6520ea5700 Git sha rocksdb_build_git_sha:
2018/09/24-08:42:17.758869 7f6520ea5700 Compile date Sep  1 2017
2018/09/24-08:42:17.758872 7f6520ea5700 DB SUMMARY
2018/09/24-08:42:17.758917 7f6520ea5700 SST files in testDispose//tmp/rdbfactorytest230 dir, Total Num: 0, files: 
2018/09/24-08:42:17.758922 7f6520ea5700 Write Ahead Log file in testDispose//tmp/rdbfactorytest230: 
2018/09/24-08:42:17.758925 7f6520ea5700                         Options.error_if_exists: 0
2018/09/24-08:42:17.758927 7f6520ea5700                       Options.create_if_missing: 1
2018/09/24-08:42:17.758929 7f6520ea5700                         Options.paranoid_checks: 1
2018/09/24-08:42:17.758931 7f6520ea5700                                     Options.env: 0x7f64eca48880
2018/09/24-08:42:17.758933 7f6520ea5700                                Options.info_log: 0x7f6518f4f3b0
2018/09/24-08:42:17.758935 7f6520ea5700                Options.max_file_opening_threads: 16
2018/09/24-08:42:17.758937 7f6520ea5700                               Options.use_fsync: 0
2018/09/24-08:42:17.758939 7f6520ea5700                       Options.max_log_file_size: 0
2018/09/24-08:42:17.758940 7f6520ea5700                  Options.max_manifest_file_size: 18446744073709551615
2018/09/24-08:42:17.758943 7f6520ea5700                   Options.log_file_time_to_roll: 0
2018/09/24-08:42:17.758944 7f6520ea5700                       Options.keep_log_file_num: 1000
2018/09/24-08:42:17.758946 7f6520ea5700                    Options.recycle_log_file_num: 0
2018/09/24-08:42:17.758948 7f6520ea5700                         Options.allow_fallocate: 1
2018/09/24-08:42:17.758950 7f6520ea5700                        Options.allow_mmap_reads: 0
2018/09/24-08:42:17.758952 7f6520ea5700                       Options.allow_mmap_writes: 0
2018/09/24-08:42:17.758954 7f6520ea5700                        Options.use_direct_reads: 0
2018/09/24-08:42:17.758955 7f6520ea5700                        Options.use_direct_io_for_flush_and_compaction: 0
2018/09/24-08:42:17.758957 7f6520ea5700          Options.create_missing_column_families: 0
2018/09/24-08:42:17.758959 7f6520ea5700                              Options.db_log_dir: 
2018/09/24-08:42:17.758961 7f6520ea5700                                 Options.wal_dir: testDispose//tmp/rdbfactorytest230
2018/09/24-08:42:17.758963 7f6520ea5700                Options.table_cache_numshardbits: 6
2018/09/24-08:42:17.758964 7f6520ea5700                      Options.max_subcompactions: 1
2018/09/24-08:42:17.758966 7f6520ea5700                  Options.max_background_flushes: -1
2018/09/24-08:42:17.758968 7f6520ea5700                         Options.WAL_ttl_seconds: 0
2018/09/24-08:42:17.758970 7f6520ea5700                       Options.WAL_size_limit_MB: 0
2018/09/24-08:42:17.758972 7f6520ea5700             Options.manifest_preallocation_size: 4194304
2018/09/24-08:42:17.758974 7f6520ea5700                     Options.is_fd_close_on_exec: 1
2018/09/24-08:42:17.758975 7f6520ea5700                   Options.advise_random_on_open: 1
2018/09/24-08:42:17.758977 7f6520ea5700                    Options.db_write_buffer_size: 0
2018/09/24-08:42:17.758979 7f6520ea5700         Options.access_hint_on_compaction_start: 1
2018/09/24-08:42:17.758981 7f6520ea5700  Options.new_table_reader_for_compaction_inputs: 0
2018/09/24-08:42:17.758983 7f6520ea5700               Options.compaction_readahead_size: 0
2018/09/24-08:42:17.758984 7f6520ea5700           Options.random_access_max_buffer_size: 1048576
2018/09/24-08:42:17.758986 7f6520ea5700           Options.writable_file_max_buffer_size: 1048576
2018/09/24-08:42:17.758988 7f6520ea5700                      Options.use_adaptive_mutex: 0
2018/09/24-08:42:17.758990 7f6520ea5700                            Options.rate_limiter: (nil)
2018/09/24-08:42:17.758992 7f6520ea5700     Options.sst_file_manager.rate_bytes_per_sec: 0
2018/09/24-08:42:17.758994 7f6520ea5700                          Options.bytes_per_sync: 0
2018/09/24-08:42:17.758996 7f6520ea5700                      Options.wal_bytes_per_sync: 0
2018/09/24-08:42:17.758997 7f6520ea5700                       Options.wal_recovery_mode: 2
2018/09/24-08:42:17.759019 7f6520ea5700                  Options.enable_thread_tracking: 0
2018/09/24-08:42:17.759022 7f6520ea5700                  Options.enable_pipelined_write: 0
2018/09/24-08:42:17.759024 7f6520ea5700         Options.allow_concurrent_memtable_write: 1
2018/09/24-08:42:17.759025 7f6520ea5700      Options.enable_write_thread_adaptive_yield: 1
2018/09/24-08:42:17.759027 7f6520ea5700             Options.write_thread_max_yield_usec: 100
2018/09/24-08:42:17.759029 7f6520ea5700            Options.write_thread_slow_yield_usec: 3
2018/09/24-08:42:17.759031 7f6520ea5700                               Options.row_cache: None
2018/09/24-08:42:17.759033 7f6520ea5700                              Options.wal_filter: None
2018/09/24-08:42:17.759035 7f6520ea5700             Options.avoid_flush_during_recovery: 0
2018/09/24-08:42:17.759036 7f6520ea5700             Options.allow_ingest_behind: 0
2018/09/24-08:42:17.759038 7f6520ea5700             Options.concurrent_prepare: 0
2018/09/24-08:42:17.759040 7f6520ea5700             Options.manual_wal_flush: 0
2018/09/24-08:42:17.759042 7f6520ea5700             Options.max_background_jobs: 2
2018/09/24-08:42:17.759044 7f6520ea5700             Options.max_background_compactions: -1
2018/09/24-08:42:17.759046 7f6520ea5700             Options.avoid_flush_during_shutdown: 0
2018/09/24-08:42:17.759048 7f6520ea5700             Options.delayed_write_rate : 16777216
2018/09/24-08:42:17.759050 7f6520ea5700             Options.max_total_wal_size: 0
2018/09/24-08:42:17.759052 7f6520ea5700             Options.delete_obsolete_files_period_micros: 21600000000
2018/09/24-08:42:17.759054 7f6520ea5700                   Options.stats_dump_period_sec: 600
2018/09/24-08:42:17.759056 7f6520ea5700                          Options.max_open_files: -1
2018/09/24-08:42:17.759058 7f6520ea5700 Compression algorithms supported:
2018/09/24-08:42:17.759060 7f6520ea5700 	Snappy supported: 1
2018/09/24-08:42:17.759062 7f6520ea5700 	Zlib supported: 1
2018/09/24-08:42:17.759063 7f6520ea5700 	Bzip supported: 1
2018/09/24-08:42:17.759065 7f6520ea5700 	LZ4 supported: 1
2018/09/24-08:42:17.759067 7f6520ea5700 	ZSTD supported: 1
2018/09/24-08:42:17.759069 7f6520ea5700 Fast CRC32 supported: 0
2018/09/24-08:42:17.759194 7f6520ea5700 [db/db_impl_open.cc:216] Creating manifest 1 
2018/09/24-08:42:17.908364 7f6520ea5700 [db/version_set.cc:2712] Recovering from manifest file: MANIFEST-000001
2018/09/24-08:42:17.908432 7f6520ea5700 [db/column_family.cc:413] --------------- Options for column family [default]:
2018/09/24-08:42:17.908437 7f6520ea5700               Options.comparator: leveldb.BytewiseComparator
2018/09/24-08:42:17.908439 7f6520ea5700           Options.merge_operator: None
2018/09/24-08:42:17.908441 7f6520ea5700        Options.compaction_filter: None
2018/09/24-08:42:17.908443 7f6520ea5700        Options.compaction_filter_factory: None
2018/09/24-08:42:17.908445 7f6520ea5700         Options.memtable_factory: SkipListFactory
2018/09/24-08:42:17.908447 7f6520ea5700            Options.table_factory: BlockBasedTable
2018/09/24-08:42:17.908480 7f6520ea5700            table_factory options:   flush_block_policy_factory: FlushBlockBySizePolicyFactory (0x7f651885eec0)
  cache_index_and_filter_blocks: 0
  cache_index_and_filter_blocks_with_high_priority: 0
  pin_l0_filter_and_index_blocks_in_cache: 0
  index_type: 2
  hash_index_allow_collision: 1
  checksum: 1
  no_block_cache: 0
  block_cache: 0x7f651885c9b8
  block_cache_name: LRUCache
  block_cache_options:
    capacity : 104857600
    num_shard_bits : 6
    strict_capacity_limit : 0
    high_pri_pool_ratio: 0.000
  block_cache_compressed: (nil)
  persistent_cache: (nil)
  block_size: 262144
  block_size_deviation: 10
  block_restart_interval: 16
  index_block_restart_interval: 1
  filter_policy: rocksdb.BuiltinBloomFilter
  whole_key_filtering: 1
  format_version: 0
2018/09/24-08:42:17.908485 7f6520ea5700        Options.write_buffer_size: 52428800
2018/09/24-08:42:17.908487 7f6520ea5700  Options.max_write_buffer_number: 2
2018/09/24-08:42:17.908515 7f6520ea5700          Options.compression: Snappy
2018/09/24-08:42:17.908519 7f6520ea5700                  Options.bottommost_compression: Disabled
2018/09/24-08:42:17.908521 7f6520ea5700       Options.prefix_extractor: rocksdb.FixedPrefix.4
2018/09/24-08:42:17.908523 7f6520ea5700   Options.memtable_insert_with_hint_prefix_extractor: nullptr
2018/09/24-08:42:17.908525 7f6520ea5700             Options.num_levels: 7
2018/09/24-08:42:17.908527 7f6520ea5700        Options.min_write_buffer_number_to_merge: 1
2018/09/24-08:42:17.908529 7f6520ea5700     Options.max_write_buffer_number_to_maintain: 0
2018/09/24-08:42:17.908530 7f6520ea5700            Options.compression_opts.window_bits: -14
2018/09/24-08:42:17.908532 7f6520ea5700                  Options.compression_opts.level: -1
2018/09/24-08:42:17.908534 7f6520ea5700               Options.compression_opts.strategy: 0
2018/09/24-08:42:17.908536 7f6520ea5700         Options.compression_opts.max_dict_bytes: 0
2018/09/24-08:42:17.908538 7f6520ea5700      Options.level0_file_num_compaction_trigger: 4
2018/09/24-08:42:17.908540 7f6520ea5700          Options.level0_slowdown_writes_trigger: 20
2018/09/24-08:42:17.908542 7f6520ea5700              Options.level0_stop_writes_trigger: 36
2018/09/24-08:42:17.908544 7f6520ea5700                   Options.target_file_size_base: 67108864
2018/09/24-08:42:17.908546 7f6520ea5700             Options.target_file_size_multiplier: 1
2018/09/24-08:42:17.908547 7f6520ea5700                Options.max_bytes_for_level_base: 268435456
2018/09/24-08:42:17.908549 7f6520ea5700 Options.level_compaction_dynamic_level_bytes: 0
2018/09/24-08:42:17.908551 7f6520ea5700          Options.max_bytes_for_level_multiplier: 10.000000
2018/09/24-08:42:17.908555 7f6520ea5700 Options.max_bytes_for_level_multiplier_addtl[0]: 1
2018/09/24-08:42:17.908558 7f6520ea5700 Options.max_bytes_for_level_multiplier_addtl[1]: 1
2018/09/24-08:42:17.908560 7f6520ea5700 Options.max_bytes_for_level_multiplier_addtl[2]: 1
2018/09/24-08:42:17.908562 7f6520ea5700 Options.max_bytes_for_level_multiplier_addtl[3]: 1
2018/09/24-08:42:17.908564 7f6520ea5700 Options.max_bytes_for_level_multiplier_addtl[4]: 1
2018/09/24-08:42:17.908565 7f6520ea5700 Options.max_bytes_for_level_multiplier_addtl[5]: 1
2018/09/24-08:42:17.908567 7f6520ea5700 Options.max_bytes_for_level_multiplier_addtl[6]: 1
2018/09/24-08:42:17.908569 7f6520ea5700       Options.max_sequential_skip_in_iterations: 8
2018/09/24-08:42:17.908571 7f6520ea5700                    Options.max_compaction_bytes: 1677721600
2018/09/24-08:42:17.908573 7f6520ea5700                        Options.arena_block_size: 6553600
2018/09/24-08:42:17.908575 7f6520ea5700   Options.soft_pending_compaction_bytes_limit: 68719476736
2018/09/24-08:42:17.908577 7f6520ea5700   Options.hard_pending_compaction_bytes_limit: 274877906944
2018/09/24-08:42:17.908579 7f6520ea5700       Options.rate_limit_delay_max_milliseconds: 100
2018/09/24-08:42:17.908581 7f6520ea5700                Options.disable_auto_compactions: 0
2018/09/24-08:42:17.908584 7f6520ea5700                        Options.compaction_style: kCompactionStyleLevel
2018/09/24-08:42:17.908586 7f6520ea5700                          Options.compaction_pri: kByCompensatedSize
2018/09/24-08:42:17.908588 7f6520ea5700 Options.compaction_options_universal.size_ratio: 1
2018/09/24-08:42:17.908590 7f6520ea5700 Options.compaction_options_universal.min_merge_width: 2
2018/09/24-08:42:17.908592 7f6520ea5700 Options.compaction_options_universal.max_merge_width: 4294967295
2018/09/24-08:42:17.908594 7f6520ea5700 Options.compaction_options_universal.max_size_amplification_percent: 200
2018/09/24-08:42:17.908596 7f6520ea5700 Options.compaction_options_universal.compression_size_percent: -1
2018/09/24-08:42:17.908598 7f6520ea5700 Options.compaction_options_universal.stop_style: kCompactionStopStyleTotalSize
2018/09/24-08:42:17.908600 7f6520ea5700 Options.compaction_options_fifo.max_table_files_size: 1073741824
2018/09/24-08:42:17.908602 7f6520ea5700 Options.compaction_options_fifo.allow_compaction: 0
2018/09/24-08:42:17.908621 7f6520ea5700 Options.compaction_options_fifo.ttl: 0
2018/09/24-08:42:17.908624 7f6520ea5700                   Options.table_properties_collectors: 
2018/09/24-08:42:17.908626 7f6520ea5700                   Options.inplace_update_support: 0
2018/09/24-08:42:17.908628 7f6520ea5700                 Options.inplace_update_num_locks: 10000
2018/09/24-08:42:17.908630 7f6520ea5700               Options.memtable_prefix_bloom_size_ratio: 0.000000
2018/09/24-08:42:17.908633 7f6520ea5700   Options.memtable_huge_page_size: 0
2018/09/24-08:42:17.908635 7f6520ea5700                           Options.bloom_locality: 0
2018/09/24-08:42:17.908637 7f6520ea5700                    Options.max_successive_merges: 0
2018/09/24-08:42:17.908639 7f6520ea5700                Options.optimize_filters_for_hits: 0
2018/09/24-08:42:17.908640 7f6520ea5700                Options.paranoid_file_checks: 0
2018/09/24-08:42:17.908642 7f6520ea5700                Options.force_consistency_checks: 0
2018/09/24-08:42:17.908644 7f6520ea5700                Options.report_bg_io_stats: 0
2018/09/24-08:42:17.909645 7f6520ea5700 [db/version_set.cc:2969] Recovered from manifest file:testDispose//tmp/rdbfactorytest230/MANIFEST-000001 succeeded,manifest_file_number is 1, next_file_number is 3, last_sequence is 0, log_number is 0,prev_log_number is 0,max_column_family is 0
2018/09/24-08:42:17.909653 7f6520ea5700 [db/version_set.cc:2977] Column family [default] (ID 0), log number is 0
2018/09/24-08:42:18.000591 7f6520ea5700 [db/db_impl_open.cc:1111] DB pointer 0x7f6518f906e0
2018/09/24-08:43:11.032060 7f64d81b8700 [db/db_impl.cc:222] Shutdown: canceling all background work
2018/09/24-08:43:11.032189 7f64d81b8700 [db/db_impl.cc:348] Shutdown complete
