2018/09/11-10:46:33.666857 7fcf02fb6700 RocksDB version: 5.7.3
2018/09/11-10:46:33.666911 7fcf02fb6700 Git sha rocksdb_build_git_sha:
2018/09/11-10:46:33.666916 7fcf02fb6700 Compile date Sep  1 2017
2018/09/11-10:46:33.666919 7fcf02fb6700 DB SUMMARY
2018/09/11-10:46:33.666957 7fcf02fb6700 SST files in testDispose//tmp/rdbfactorytest264 dir, Total Num: 0, files: 
2018/09/11-10:46:33.666962 7fcf02fb6700 Write Ahead Log file in testDispose//tmp/rdbfactorytest264: 
2018/09/11-10:46:33.666965 7fcf02fb6700                         Options.error_if_exists: 0
2018/09/11-10:46:33.666967 7fcf02fb6700                       Options.create_if_missing: 1
2018/09/11-10:46:33.666970 7fcf02fb6700                         Options.paranoid_checks: 1
2018/09/11-10:46:33.666972 7fcf02fb6700                                     Options.env: 0x7fceceb59880
2018/09/11-10:46:33.666974 7fcf02fb6700                                Options.info_log: 0x7fcefd47c570
2018/09/11-10:46:33.666976 7fcf02fb6700                Options.max_file_opening_threads: 16
2018/09/11-10:46:33.666978 7fcf02fb6700                               Options.use_fsync: 0
2018/09/11-10:46:33.666980 7fcf02fb6700                       Options.max_log_file_size: 0
2018/09/11-10:46:33.666982 7fcf02fb6700                  Options.max_manifest_file_size: 18446744073709551615
2018/09/11-10:46:33.666984 7fcf02fb6700                   Options.log_file_time_to_roll: 0
2018/09/11-10:46:33.666986 7fcf02fb6700                       Options.keep_log_file_num: 1000
2018/09/11-10:46:33.666988 7fcf02fb6700                    Options.recycle_log_file_num: 0
2018/09/11-10:46:33.666990 7fcf02fb6700                         Options.allow_fallocate: 1
2018/09/11-10:46:33.666992 7fcf02fb6700                        Options.allow_mmap_reads: 0
2018/09/11-10:46:33.666994 7fcf02fb6700                       Options.allow_mmap_writes: 0
2018/09/11-10:46:33.666996 7fcf02fb6700                        Options.use_direct_reads: 0
2018/09/11-10:46:33.666998 7fcf02fb6700                        Options.use_direct_io_for_flush_and_compaction: 0
2018/09/11-10:46:33.667000 7fcf02fb6700          Options.create_missing_column_families: 0
2018/09/11-10:46:33.667002 7fcf02fb6700                              Options.db_log_dir: 
2018/09/11-10:46:33.667004 7fcf02fb6700                                 Options.wal_dir: testDispose//tmp/rdbfactorytest264
2018/09/11-10:46:33.667006 7fcf02fb6700                Options.table_cache_numshardbits: 6
2018/09/11-10:46:33.667008 7fcf02fb6700                      Options.max_subcompactions: 1
2018/09/11-10:46:33.667010 7fcf02fb6700                  Options.max_background_flushes: -1
2018/09/11-10:46:33.667012 7fcf02fb6700                         Options.WAL_ttl_seconds: 0
2018/09/11-10:46:33.667014 7fcf02fb6700                       Options.WAL_size_limit_MB: 0
2018/09/11-10:46:33.667016 7fcf02fb6700             Options.manifest_preallocation_size: 4194304
2018/09/11-10:46:33.667018 7fcf02fb6700                     Options.is_fd_close_on_exec: 1
2018/09/11-10:46:33.667020 7fcf02fb6700                   Options.advise_random_on_open: 1
2018/09/11-10:46:33.667022 7fcf02fb6700                    Options.db_write_buffer_size: 0
2018/09/11-10:46:33.667024 7fcf02fb6700         Options.access_hint_on_compaction_start: 1
2018/09/11-10:46:33.667026 7fcf02fb6700  Options.new_table_reader_for_compaction_inputs: 0
2018/09/11-10:46:33.667028 7fcf02fb6700               Options.compaction_readahead_size: 0
2018/09/11-10:46:33.667030 7fcf02fb6700           Options.random_access_max_buffer_size: 1048576
2018/09/11-10:46:33.667032 7fcf02fb6700           Options.writable_file_max_buffer_size: 1048576
2018/09/11-10:46:33.667034 7fcf02fb6700                      Options.use_adaptive_mutex: 0
2018/09/11-10:46:33.667036 7fcf02fb6700                            Options.rate_limiter: (nil)
2018/09/11-10:46:33.667038 7fcf02fb6700     Options.sst_file_manager.rate_bytes_per_sec: 0
2018/09/11-10:46:33.667040 7fcf02fb6700                          Options.bytes_per_sync: 0
2018/09/11-10:46:33.667042 7fcf02fb6700                      Options.wal_bytes_per_sync: 0
2018/09/11-10:46:33.667044 7fcf02fb6700                       Options.wal_recovery_mode: 2
2018/09/11-10:46:33.667064 7fcf02fb6700                  Options.enable_thread_tracking: 0
2018/09/11-10:46:33.667067 7fcf02fb6700                  Options.enable_pipelined_write: 0
2018/09/11-10:46:33.667069 7fcf02fb6700         Options.allow_concurrent_memtable_write: 1
2018/09/11-10:46:33.667071 7fcf02fb6700      Options.enable_write_thread_adaptive_yield: 1
2018/09/11-10:46:33.667072 7fcf02fb6700             Options.write_thread_max_yield_usec: 100
2018/09/11-10:46:33.667074 7fcf02fb6700            Options.write_thread_slow_yield_usec: 3
2018/09/11-10:46:33.667076 7fcf02fb6700                               Options.row_cache: None
2018/09/11-10:46:33.667078 7fcf02fb6700                              Options.wal_filter: None
2018/09/11-10:46:33.667080 7fcf02fb6700             Options.avoid_flush_during_recovery: 0
2018/09/11-10:46:33.667082 7fcf02fb6700             Options.allow_ingest_behind: 0
2018/09/11-10:46:33.667084 7fcf02fb6700             Options.concurrent_prepare: 0
2018/09/11-10:46:33.667086 7fcf02fb6700             Options.manual_wal_flush: 0
2018/09/11-10:46:33.667088 7fcf02fb6700             Options.max_background_jobs: 2
2018/09/11-10:46:33.667090 7fcf02fb6700             Options.max_background_compactions: -1
2018/09/11-10:46:33.667091 7fcf02fb6700             Options.avoid_flush_during_shutdown: 0
2018/09/11-10:46:33.667093 7fcf02fb6700             Options.delayed_write_rate : 16777216
2018/09/11-10:46:33.667095 7fcf02fb6700             Options.max_total_wal_size: 0
2018/09/11-10:46:33.667097 7fcf02fb6700             Options.delete_obsolete_files_period_micros: 21600000000
2018/09/11-10:46:33.667099 7fcf02fb6700                   Options.stats_dump_period_sec: 600
2018/09/11-10:46:33.667101 7fcf02fb6700                          Options.max_open_files: -1
2018/09/11-10:46:33.667103 7fcf02fb6700 Compression algorithms supported:
2018/09/11-10:46:33.667105 7fcf02fb6700 	Snappy supported: 1
2018/09/11-10:46:33.667107 7fcf02fb6700 	Zlib supported: 1
2018/09/11-10:46:33.667108 7fcf02fb6700 	Bzip supported: 1
2018/09/11-10:46:33.667110 7fcf02fb6700 	LZ4 supported: 1
2018/09/11-10:46:33.667113 7fcf02fb6700 	ZSTD supported: 1
2018/09/11-10:46:33.667115 7fcf02fb6700 Fast CRC32 supported: 0
2018/09/11-10:46:33.667247 7fcf02fb6700 [db/db_impl_open.cc:216] Creating manifest 1 
2018/09/11-10:46:33.873944 7fcf02fb6700 [db/version_set.cc:2712] Recovering from manifest file: MANIFEST-000001
2018/09/11-10:46:33.874018 7fcf02fb6700 [db/column_family.cc:413] --------------- Options for column family [default]:
2018/09/11-10:46:33.874023 7fcf02fb6700               Options.comparator: leveldb.BytewiseComparator
2018/09/11-10:46:33.874025 7fcf02fb6700           Options.merge_operator: None
2018/09/11-10:46:33.874027 7fcf02fb6700        Options.compaction_filter: None
2018/09/11-10:46:33.874028 7fcf02fb6700        Options.compaction_filter_factory: None
2018/09/11-10:46:33.874031 7fcf02fb6700         Options.memtable_factory: SkipListFactory
2018/09/11-10:46:33.874033 7fcf02fb6700            Options.table_factory: BlockBasedTable
2018/09/11-10:46:33.874069 7fcf02fb6700            table_factory options:   flush_block_policy_factory: FlushBlockBySizePolicyFactory (0x7fcefc860ad0)
  cache_index_and_filter_blocks: 0
  cache_index_and_filter_blocks_with_high_priority: 0
  pin_l0_filter_and_index_blocks_in_cache: 0
  index_type: 2
  hash_index_allow_collision: 1
  checksum: 1
  no_block_cache: 0
  block_cache: 0x7fcefc82c458
  block_cache_name: LRUCache
  block_cache_options:
    capacity : 104857600
    num_shard_bits : 6
    strict_capacity_limit : 0
    high_pri_pool_ratio: 0.000
  block_cache_compressed: (nil)
  persistent_cache: (nil)
  block_size: 262144
  block_size_deviation: 10
  block_restart_interval: 16
  index_block_restart_interval: 1
  filter_policy: rocksdb.BuiltinBloomFilter
  whole_key_filtering: 1
  format_version: 0
2018/09/11-10:46:33.874074 7fcf02fb6700        Options.write_buffer_size: 52428800
2018/09/11-10:46:33.874077 7fcf02fb6700  Options.max_write_buffer_number: 2
2018/09/11-10:46:33.874107 7fcf02fb6700          Options.compression: Snappy
2018/09/11-10:46:33.874111 7fcf02fb6700                  Options.bottommost_compression: Disabled
2018/09/11-10:46:33.874114 7fcf02fb6700       Options.prefix_extractor: rocksdb.FixedPrefix.4
2018/09/11-10:46:33.874116 7fcf02fb6700   Options.memtable_insert_with_hint_prefix_extractor: nullptr
2018/09/11-10:46:33.874118 7fcf02fb6700             Options.num_levels: 7
2018/09/11-10:46:33.874120 7fcf02fb6700        Options.min_write_buffer_number_to_merge: 1
2018/09/11-10:46:33.874122 7fcf02fb6700     Options.max_write_buffer_number_to_maintain: 0
2018/09/11-10:46:33.874124 7fcf02fb6700            Options.compression_opts.window_bits: -14
2018/09/11-10:46:33.874126 7fcf02fb6700                  Options.compression_opts.level: -1
2018/09/11-10:46:33.874128 7fcf02fb6700               Options.compression_opts.strategy: 0
2018/09/11-10:46:33.874130 7fcf02fb6700         Options.compression_opts.max_dict_bytes: 0
2018/09/11-10:46:33.874131 7fcf02fb6700      Options.level0_file_num_compaction_trigger: 4
2018/09/11-10:46:33.874134 7fcf02fb6700          Options.level0_slowdown_writes_trigger: 20
2018/09/11-10:46:33.874135 7fcf02fb6700              Options.level0_stop_writes_trigger: 36
2018/09/11-10:46:33.874137 7fcf02fb6700                   Options.target_file_size_base: 67108864
2018/09/11-10:46:33.874139 7fcf02fb6700             Options.target_file_size_multiplier: 1
2018/09/11-10:46:33.874142 7fcf02fb6700                Options.max_bytes_for_level_base: 268435456
2018/09/11-10:46:33.874143 7fcf02fb6700 Options.level_compaction_dynamic_level_bytes: 0
2018/09/11-10:46:33.874145 7fcf02fb6700          Options.max_bytes_for_level_multiplier: 10.000000
2018/09/11-10:46:33.874150 7fcf02fb6700 Options.max_bytes_for_level_multiplier_addtl[0]: 1
2018/09/11-10:46:33.874153 7fcf02fb6700 Options.max_bytes_for_level_multiplier_addtl[1]: 1
2018/09/11-10:46:33.874155 7fcf02fb6700 Options.max_bytes_for_level_multiplier_addtl[2]: 1
2018/09/11-10:46:33.874157 7fcf02fb6700 Options.max_bytes_for_level_multiplier_addtl[3]: 1
2018/09/11-10:46:33.874159 7fcf02fb6700 Options.max_bytes_for_level_multiplier_addtl[4]: 1
2018/09/11-10:46:33.874161 7fcf02fb6700 Options.max_bytes_for_level_multiplier_addtl[5]: 1
2018/09/11-10:46:33.874163 7fcf02fb6700 Options.max_bytes_for_level_multiplier_addtl[6]: 1
2018/09/11-10:46:33.874165 7fcf02fb6700       Options.max_sequential_skip_in_iterations: 8
2018/09/11-10:46:33.874166 7fcf02fb6700                    Options.max_compaction_bytes: 1677721600
2018/09/11-10:46:33.874168 7fcf02fb6700                        Options.arena_block_size: 6553600
2018/09/11-10:46:33.874171 7fcf02fb6700   Options.soft_pending_compaction_bytes_limit: 68719476736
2018/09/11-10:46:33.874173 7fcf02fb6700   Options.hard_pending_compaction_bytes_limit: 274877906944
2018/09/11-10:46:33.874175 7fcf02fb6700       Options.rate_limit_delay_max_milliseconds: 100
2018/09/11-10:46:33.874177 7fcf02fb6700                Options.disable_auto_compactions: 0
2018/09/11-10:46:33.874179 7fcf02fb6700                        Options.compaction_style: kCompactionStyleLevel
2018/09/11-10:46:33.874181 7fcf02fb6700                          Options.compaction_pri: kByCompensatedSize
2018/09/11-10:46:33.874183 7fcf02fb6700 Options.compaction_options_universal.size_ratio: 1
2018/09/11-10:46:33.874185 7fcf02fb6700 Options.compaction_options_universal.min_merge_width: 2
2018/09/11-10:46:33.874187 7fcf02fb6700 Options.compaction_options_universal.max_merge_width: 4294967295
2018/09/11-10:46:33.874189 7fcf02fb6700 Options.compaction_options_universal.max_size_amplification_percent: 200
2018/09/11-10:46:33.874191 7fcf02fb6700 Options.compaction_options_universal.compression_size_percent: -1
2018/09/11-10:46:33.874193 7fcf02fb6700 Options.compaction_options_universal.stop_style: kCompactionStopStyleTotalSize
2018/09/11-10:46:33.874195 7fcf02fb6700 Options.compaction_options_fifo.max_table_files_size: 1073741824
2018/09/11-10:46:33.874197 7fcf02fb6700 Options.compaction_options_fifo.allow_compaction: 0
2018/09/11-10:46:33.874230 7fcf02fb6700 Options.compaction_options_fifo.ttl: 0
2018/09/11-10:46:33.874234 7fcf02fb6700                   Options.table_properties_collectors: 
2018/09/11-10:46:33.874237 7fcf02fb6700                   Options.inplace_update_support: 0
2018/09/11-10:46:33.874239 7fcf02fb6700                 Options.inplace_update_num_locks: 10000
2018/09/11-10:46:33.874241 7fcf02fb6700               Options.memtable_prefix_bloom_size_ratio: 0.000000
2018/09/11-10:46:33.874244 7fcf02fb6700   Options.memtable_huge_page_size: 0
2018/09/11-10:46:33.874246 7fcf02fb6700                           Options.bloom_locality: 0
2018/09/11-10:46:33.874247 7fcf02fb6700                    Options.max_successive_merges: 0
2018/09/11-10:46:33.874249 7fcf02fb6700                Options.optimize_filters_for_hits: 0
2018/09/11-10:46:33.874251 7fcf02fb6700                Options.paranoid_file_checks: 0
2018/09/11-10:46:33.874253 7fcf02fb6700                Options.force_consistency_checks: 0
2018/09/11-10:46:33.874255 7fcf02fb6700                Options.report_bg_io_stats: 0
2018/09/11-10:46:33.875188 7fcf02fb6700 [db/version_set.cc:2969] Recovered from manifest file:testDispose//tmp/rdbfactorytest264/MANIFEST-000001 succeeded,manifest_file_number is 1, next_file_number is 3, last_sequence is 0, log_number is 0,prev_log_number is 0,max_column_family is 0
2018/09/11-10:46:33.875199 7fcf02fb6700 [db/version_set.cc:2977] Column family [default] (ID 0), log number is 0
2018/09/11-10:46:34.008031 7fcf02fb6700 [db/db_impl_open.cc:1111] DB pointer 0x7fcefcfc6ef0
2018/09/11-10:47:21.106395 7fcecdec9700 [db/db_impl.cc:222] Shutdown: canceling all background work
2018/09/11-10:47:21.106496 7fcecdec9700 [db/db_impl.cc:348] Shutdown complete
