2018/09/24-08:41:19.545742 7f6520ea5700 RocksDB version: 5.7.3
2018/09/24-08:41:19.545787 7f6520ea5700 Git sha rocksdb_build_git_sha:
2018/09/24-08:41:19.545791 7f6520ea5700 Compile date Sep  1 2017
2018/09/24-08:41:19.545794 7f6520ea5700 DB SUMMARY
2018/09/24-08:41:19.545836 7f6520ea5700 SST files in testDispose//tmp/rdbfactorytest56 dir, Total Num: 0, files: 
2018/09/24-08:41:19.545841 7f6520ea5700 Write Ahead Log file in testDispose//tmp/rdbfactorytest56: 
2018/09/24-08:41:19.545844 7f6520ea5700                         Options.error_if_exists: 0
2018/09/24-08:41:19.545846 7f6520ea5700                       Options.create_if_missing: 1
2018/09/24-08:41:19.545848 7f6520ea5700                         Options.paranoid_checks: 1
2018/09/24-08:41:19.545849 7f6520ea5700                                     Options.env: 0x7f64eca48880
2018/09/24-08:41:19.545852 7f6520ea5700                                Options.info_log: 0x7f6518f10e40
2018/09/24-08:41:19.545853 7f6520ea5700                Options.max_file_opening_threads: 16
2018/09/24-08:41:19.545855 7f6520ea5700                               Options.use_fsync: 0
2018/09/24-08:41:19.545857 7f6520ea5700                       Options.max_log_file_size: 0
2018/09/24-08:41:19.545858 7f6520ea5700                  Options.max_manifest_file_size: 18446744073709551615
2018/09/24-08:41:19.545860 7f6520ea5700                   Options.log_file_time_to_roll: 0
2018/09/24-08:41:19.545862 7f6520ea5700                       Options.keep_log_file_num: 1000
2018/09/24-08:41:19.545864 7f6520ea5700                    Options.recycle_log_file_num: 0
2018/09/24-08:41:19.545866 7f6520ea5700                         Options.allow_fallocate: 1
2018/09/24-08:41:19.545868 7f6520ea5700                        Options.allow_mmap_reads: 0
2018/09/24-08:41:19.545869 7f6520ea5700                       Options.allow_mmap_writes: 0
2018/09/24-08:41:19.545871 7f6520ea5700                        Options.use_direct_reads: 0
2018/09/24-08:41:19.545873 7f6520ea5700                        Options.use_direct_io_for_flush_and_compaction: 0
2018/09/24-08:41:19.545875 7f6520ea5700          Options.create_missing_column_families: 0
2018/09/24-08:41:19.545876 7f6520ea5700                              Options.db_log_dir: 
2018/09/24-08:41:19.545878 7f6520ea5700                                 Options.wal_dir: testDispose//tmp/rdbfactorytest56
2018/09/24-08:41:19.545880 7f6520ea5700                Options.table_cache_numshardbits: 6
2018/09/24-08:41:19.545881 7f6520ea5700                      Options.max_subcompactions: 1
2018/09/24-08:41:19.545883 7f6520ea5700                  Options.max_background_flushes: -1
2018/09/24-08:41:19.545885 7f6520ea5700                         Options.WAL_ttl_seconds: 0
2018/09/24-08:41:19.545886 7f6520ea5700                       Options.WAL_size_limit_MB: 0
2018/09/24-08:41:19.545888 7f6520ea5700             Options.manifest_preallocation_size: 4194304
2018/09/24-08:41:19.545890 7f6520ea5700                     Options.is_fd_close_on_exec: 1
2018/09/24-08:41:19.545891 7f6520ea5700                   Options.advise_random_on_open: 1
2018/09/24-08:41:19.545893 7f6520ea5700                    Options.db_write_buffer_size: 0
2018/09/24-08:41:19.545895 7f6520ea5700         Options.access_hint_on_compaction_start: 1
2018/09/24-08:41:19.545897 7f6520ea5700  Options.new_table_reader_for_compaction_inputs: 0
2018/09/24-08:41:19.545898 7f6520ea5700               Options.compaction_readahead_size: 0
2018/09/24-08:41:19.545900 7f6520ea5700           Options.random_access_max_buffer_size: 1048576
2018/09/24-08:41:19.545902 7f6520ea5700           Options.writable_file_max_buffer_size: 1048576
2018/09/24-08:41:19.545903 7f6520ea5700                      Options.use_adaptive_mutex: 0
2018/09/24-08:41:19.545905 7f6520ea5700                            Options.rate_limiter: (nil)
2018/09/24-08:41:19.545907 7f6520ea5700     Options.sst_file_manager.rate_bytes_per_sec: 0
2018/09/24-08:41:19.545909 7f6520ea5700                          Options.bytes_per_sync: 0
2018/09/24-08:41:19.545911 7f6520ea5700                      Options.wal_bytes_per_sync: 0
2018/09/24-08:41:19.545912 7f6520ea5700                       Options.wal_recovery_mode: 2
2018/09/24-08:41:19.545932 7f6520ea5700                  Options.enable_thread_tracking: 0
2018/09/24-08:41:19.545934 7f6520ea5700                  Options.enable_pipelined_write: 0
2018/09/24-08:41:19.545936 7f6520ea5700         Options.allow_concurrent_memtable_write: 1
2018/09/24-08:41:19.545938 7f6520ea5700      Options.enable_write_thread_adaptive_yield: 1
2018/09/24-08:41:19.545940 7f6520ea5700             Options.write_thread_max_yield_usec: 100
2018/09/24-08:41:19.545941 7f6520ea5700            Options.write_thread_slow_yield_usec: 3
2018/09/24-08:41:19.545943 7f6520ea5700                               Options.row_cache: None
2018/09/24-08:41:19.545945 7f6520ea5700                              Options.wal_filter: None
2018/09/24-08:41:19.545946 7f6520ea5700             Options.avoid_flush_during_recovery: 0
2018/09/24-08:41:19.545948 7f6520ea5700             Options.allow_ingest_behind: 0
2018/09/24-08:41:19.545950 7f6520ea5700             Options.concurrent_prepare: 0
2018/09/24-08:41:19.545952 7f6520ea5700             Options.manual_wal_flush: 0
2018/09/24-08:41:19.545954 7f6520ea5700             Options.max_background_jobs: 2
2018/09/24-08:41:19.545955 7f6520ea5700             Options.max_background_compactions: -1
2018/09/24-08:41:19.545957 7f6520ea5700             Options.avoid_flush_during_shutdown: 0
2018/09/24-08:41:19.545959 7f6520ea5700             Options.delayed_write_rate : 16777216
2018/09/24-08:41:19.545961 7f6520ea5700             Options.max_total_wal_size: 0
2018/09/24-08:41:19.545963 7f6520ea5700             Options.delete_obsolete_files_period_micros: 21600000000
2018/09/24-08:41:19.545964 7f6520ea5700                   Options.stats_dump_period_sec: 600
2018/09/24-08:41:19.545966 7f6520ea5700                          Options.max_open_files: -1
2018/09/24-08:41:19.545968 7f6520ea5700 Compression algorithms supported:
2018/09/24-08:41:19.545970 7f6520ea5700 	Snappy supported: 1
2018/09/24-08:41:19.545972 7f6520ea5700 	Zlib supported: 1
2018/09/24-08:41:19.545973 7f6520ea5700 	Bzip supported: 1
2018/09/24-08:41:19.545975 7f6520ea5700 	LZ4 supported: 1
2018/09/24-08:41:19.545977 7f6520ea5700 	ZSTD supported: 1
2018/09/24-08:41:19.545979 7f6520ea5700 Fast CRC32 supported: 0
2018/09/24-08:41:19.546087 7f6520ea5700 [db/db_impl_open.cc:216] Creating manifest 1 
2018/09/24-08:41:19.775970 7f6520ea5700 [db/version_set.cc:2712] Recovering from manifest file: MANIFEST-000001
2018/09/24-08:41:19.776041 7f6520ea5700 [db/column_family.cc:413] --------------- Options for column family [default]:
2018/09/24-08:41:19.776045 7f6520ea5700               Options.comparator: leveldb.BytewiseComparator
2018/09/24-08:41:19.776046 7f6520ea5700           Options.merge_operator: None
2018/09/24-08:41:19.776047 7f6520ea5700        Options.compaction_filter: None
2018/09/24-08:41:19.776048 7f6520ea5700        Options.compaction_filter_factory: None
2018/09/24-08:41:19.776050 7f6520ea5700         Options.memtable_factory: SkipListFactory
2018/09/24-08:41:19.776051 7f6520ea5700            Options.table_factory: BlockBasedTable
2018/09/24-08:41:19.776084 7f6520ea5700            table_factory options:   flush_block_policy_factory: FlushBlockBySizePolicyFactory (0x7f651885eec0)
  cache_index_and_filter_blocks: 0
  cache_index_and_filter_blocks_with_high_priority: 0
  pin_l0_filter_and_index_blocks_in_cache: 0
  index_type: 2
  hash_index_allow_collision: 1
  checksum: 1
  no_block_cache: 0
  block_cache: 0x7f651885c9b8
  block_cache_name: LRUCache
  block_cache_options:
    capacity : 104857600
    num_shard_bits : 6
    strict_capacity_limit : 0
    high_pri_pool_ratio: 0.000
  block_cache_compressed: (nil)
  persistent_cache: (nil)
  block_size: 262144
  block_size_deviation: 10
  block_restart_interval: 16
  index_block_restart_interval: 1
  filter_policy: rocksdb.BuiltinBloomFilter
  whole_key_filtering: 1
  format_version: 0
2018/09/24-08:41:19.776088 7f6520ea5700        Options.write_buffer_size: 52428800
2018/09/24-08:41:19.776089 7f6520ea5700  Options.max_write_buffer_number: 2
2018/09/24-08:41:19.776115 7f6520ea5700          Options.compression: Snappy
2018/09/24-08:41:19.776117 7f6520ea5700                  Options.bottommost_compression: Disabled
2018/09/24-08:41:19.776119 7f6520ea5700       Options.prefix_extractor: rocksdb.FixedPrefix.4
2018/09/24-08:41:19.776120 7f6520ea5700   Options.memtable_insert_with_hint_prefix_extractor: nullptr
2018/09/24-08:41:19.776121 7f6520ea5700             Options.num_levels: 7
2018/09/24-08:41:19.776122 7f6520ea5700        Options.min_write_buffer_number_to_merge: 1
2018/09/24-08:41:19.776123 7f6520ea5700     Options.max_write_buffer_number_to_maintain: 0
2018/09/24-08:41:19.776124 7f6520ea5700            Options.compression_opts.window_bits: -14
2018/09/24-08:41:19.776126 7f6520ea5700                  Options.compression_opts.level: -1
2018/09/24-08:41:19.776127 7f6520ea5700               Options.compression_opts.strategy: 0
2018/09/24-08:41:19.776128 7f6520ea5700         Options.compression_opts.max_dict_bytes: 0
2018/09/24-08:41:19.776129 7f6520ea5700      Options.level0_file_num_compaction_trigger: 4
2018/09/24-08:41:19.776130 7f6520ea5700          Options.level0_slowdown_writes_trigger: 20
2018/09/24-08:41:19.776131 7f6520ea5700              Options.level0_stop_writes_trigger: 36
2018/09/24-08:41:19.776132 7f6520ea5700                   Options.target_file_size_base: 67108864
2018/09/24-08:41:19.776134 7f6520ea5700             Options.target_file_size_multiplier: 1
2018/09/24-08:41:19.776135 7f6520ea5700                Options.max_bytes_for_level_base: 268435456
2018/09/24-08:41:19.776136 7f6520ea5700 Options.level_compaction_dynamic_level_bytes: 0
2018/09/24-08:41:19.776137 7f6520ea5700          Options.max_bytes_for_level_multiplier: 10.000000
2018/09/24-08:41:19.776140 7f6520ea5700 Options.max_bytes_for_level_multiplier_addtl[0]: 1
2018/09/24-08:41:19.776141 7f6520ea5700 Options.max_bytes_for_level_multiplier_addtl[1]: 1
2018/09/24-08:41:19.776143 7f6520ea5700 Options.max_bytes_for_level_multiplier_addtl[2]: 1
2018/09/24-08:41:19.776144 7f6520ea5700 Options.max_bytes_for_level_multiplier_addtl[3]: 1
2018/09/24-08:41:19.776145 7f6520ea5700 Options.max_bytes_for_level_multiplier_addtl[4]: 1
2018/09/24-08:41:19.776146 7f6520ea5700 Options.max_bytes_for_level_multiplier_addtl[5]: 1
2018/09/24-08:41:19.776147 7f6520ea5700 Options.max_bytes_for_level_multiplier_addtl[6]: 1
2018/09/24-08:41:19.776148 7f6520ea5700       Options.max_sequential_skip_in_iterations: 8
2018/09/24-08:41:19.776149 7f6520ea5700                    Options.max_compaction_bytes: 1677721600
2018/09/24-08:41:19.776150 7f6520ea5700                        Options.arena_block_size: 6553600
2018/09/24-08:41:19.776151 7f6520ea5700   Options.soft_pending_compaction_bytes_limit: 68719476736
2018/09/24-08:41:19.776153 7f6520ea5700   Options.hard_pending_compaction_bytes_limit: 274877906944
2018/09/24-08:41:19.776154 7f6520ea5700       Options.rate_limit_delay_max_milliseconds: 100
2018/09/24-08:41:19.776155 7f6520ea5700                Options.disable_auto_compactions: 0
2018/09/24-08:41:19.776157 7f6520ea5700                        Options.compaction_style: kCompactionStyleLevel
2018/09/24-08:41:19.776158 7f6520ea5700                          Options.compaction_pri: kByCompensatedSize
2018/09/24-08:41:19.776159 7f6520ea5700 Options.compaction_options_universal.size_ratio: 1
2018/09/24-08:41:19.776161 7f6520ea5700 Options.compaction_options_universal.min_merge_width: 2
2018/09/24-08:41:19.776162 7f6520ea5700 Options.compaction_options_universal.max_merge_width: 4294967295
2018/09/24-08:41:19.776163 7f6520ea5700 Options.compaction_options_universal.max_size_amplification_percent: 200
2018/09/24-08:41:19.776164 7f6520ea5700 Options.compaction_options_universal.compression_size_percent: -1
2018/09/24-08:41:19.776165 7f6520ea5700 Options.compaction_options_universal.stop_style: kCompactionStopStyleTotalSize
2018/09/24-08:41:19.776166 7f6520ea5700 Options.compaction_options_fifo.max_table_files_size: 1073741824
2018/09/24-08:41:19.776167 7f6520ea5700 Options.compaction_options_fifo.allow_compaction: 0
2018/09/24-08:41:19.776178 7f6520ea5700 Options.compaction_options_fifo.ttl: 0
2018/09/24-08:41:19.776180 7f6520ea5700                   Options.table_properties_collectors: 
2018/09/24-08:41:19.776181 7f6520ea5700                   Options.inplace_update_support: 0
2018/09/24-08:41:19.776182 7f6520ea5700                 Options.inplace_update_num_locks: 10000
2018/09/24-08:41:19.776183 7f6520ea5700               Options.memtable_prefix_bloom_size_ratio: 0.000000
2018/09/24-08:41:19.776185 7f6520ea5700   Options.memtable_huge_page_size: 0
2018/09/24-08:41:19.776186 7f6520ea5700                           Options.bloom_locality: 0
2018/09/24-08:41:19.776187 7f6520ea5700                    Options.max_successive_merges: 0
2018/09/24-08:41:19.776188 7f6520ea5700                Options.optimize_filters_for_hits: 0
2018/09/24-08:41:19.776189 7f6520ea5700                Options.paranoid_file_checks: 0
2018/09/24-08:41:19.776191 7f6520ea5700                Options.force_consistency_checks: 0
2018/09/24-08:41:19.776192 7f6520ea5700                Options.report_bg_io_stats: 0
2018/09/24-08:41:19.776946 7f6520ea5700 [db/version_set.cc:2969] Recovered from manifest file:testDispose//tmp/rdbfactorytest56/MANIFEST-000001 succeeded,manifest_file_number is 1, next_file_number is 3, last_sequence is 0, log_number is 0,prev_log_number is 0,max_column_family is 0
2018/09/24-08:41:19.776951 7f6520ea5700 [db/version_set.cc:2977] Column family [default] (ID 0), log number is 0
2018/09/24-08:41:19.928367 7f6520ea5700 [db/db_impl_open.cc:1111] DB pointer 0x7f6518f10090
2018/09/24-08:42:17.450883 7f6520ea5700 [db/db_impl.cc:222] Shutdown: canceling all background work
2018/09/24-08:42:17.451047 7f6520ea5700 [db/db_impl.cc:348] Shutdown complete
