2018/09/24-06:38:32.879729 7f5a32fe6700 RocksDB version: 5.7.3
2018/09/24-06:38:32.879768 7f5a32fe6700 Git sha rocksdb_build_git_sha:
2018/09/24-06:38:32.879772 7f5a32fe6700 Compile date Sep  1 2017
2018/09/24-06:38:32.879775 7f5a32fe6700 DB SUMMARY
2018/09/24-06:38:32.879821 7f5a32fe6700 SST files in testDispose//tmp/rdbfactorytest361 dir, Total Num: 0, files: 
2018/09/24-06:38:32.879826 7f5a32fe6700 Write Ahead Log file in testDispose//tmp/rdbfactorytest361: 
2018/09/24-06:38:32.879829 7f5a32fe6700                         Options.error_if_exists: 0
2018/09/24-06:38:32.879831 7f5a32fe6700                       Options.create_if_missing: 1
2018/09/24-06:38:32.879833 7f5a32fe6700                         Options.paranoid_checks: 1
2018/09/24-06:38:32.879835 7f5a32fe6700                                     Options.env: 0x7f59daf89880
2018/09/24-06:38:32.879837 7f5a32fe6700                                Options.info_log: 0x7f5a2e9edb40
2018/09/24-06:38:32.879839 7f5a32fe6700                Options.max_file_opening_threads: 16
2018/09/24-06:38:32.879841 7f5a32fe6700                               Options.use_fsync: 0
2018/09/24-06:38:32.879842 7f5a32fe6700                       Options.max_log_file_size: 0
2018/09/24-06:38:32.879844 7f5a32fe6700                  Options.max_manifest_file_size: 18446744073709551615
2018/09/24-06:38:32.879846 7f5a32fe6700                   Options.log_file_time_to_roll: 0
2018/09/24-06:38:32.879848 7f5a32fe6700                       Options.keep_log_file_num: 1000
2018/09/24-06:38:32.879850 7f5a32fe6700                    Options.recycle_log_file_num: 0
2018/09/24-06:38:32.879852 7f5a32fe6700                         Options.allow_fallocate: 1
2018/09/24-06:38:32.879854 7f5a32fe6700                        Options.allow_mmap_reads: 0
2018/09/24-06:38:32.879855 7f5a32fe6700                       Options.allow_mmap_writes: 0
2018/09/24-06:38:32.879857 7f5a32fe6700                        Options.use_direct_reads: 0
2018/09/24-06:38:32.879859 7f5a32fe6700                        Options.use_direct_io_for_flush_and_compaction: 0
2018/09/24-06:38:32.879861 7f5a32fe6700          Options.create_missing_column_families: 0
2018/09/24-06:38:32.879862 7f5a32fe6700                              Options.db_log_dir: 
2018/09/24-06:38:32.879864 7f5a32fe6700                                 Options.wal_dir: testDispose//tmp/rdbfactorytest361
2018/09/24-06:38:32.879866 7f5a32fe6700                Options.table_cache_numshardbits: 6
2018/09/24-06:38:32.879868 7f5a32fe6700                      Options.max_subcompactions: 1
2018/09/24-06:38:32.879869 7f5a32fe6700                  Options.max_background_flushes: -1
2018/09/24-06:38:32.879871 7f5a32fe6700                         Options.WAL_ttl_seconds: 0
2018/09/24-06:38:32.879873 7f5a32fe6700                       Options.WAL_size_limit_MB: 0
2018/09/24-06:38:32.879875 7f5a32fe6700             Options.manifest_preallocation_size: 4194304
2018/09/24-06:38:32.879877 7f5a32fe6700                     Options.is_fd_close_on_exec: 1
2018/09/24-06:38:32.879878 7f5a32fe6700                   Options.advise_random_on_open: 1
2018/09/24-06:38:32.879880 7f5a32fe6700                    Options.db_write_buffer_size: 0
2018/09/24-06:38:32.879882 7f5a32fe6700         Options.access_hint_on_compaction_start: 1
2018/09/24-06:38:32.879884 7f5a32fe6700  Options.new_table_reader_for_compaction_inputs: 0
2018/09/24-06:38:32.879885 7f5a32fe6700               Options.compaction_readahead_size: 0
2018/09/24-06:38:32.879887 7f5a32fe6700           Options.random_access_max_buffer_size: 1048576
2018/09/24-06:38:32.879889 7f5a32fe6700           Options.writable_file_max_buffer_size: 1048576
2018/09/24-06:38:32.879891 7f5a32fe6700                      Options.use_adaptive_mutex: 0
2018/09/24-06:38:32.879892 7f5a32fe6700                            Options.rate_limiter: (nil)
2018/09/24-06:38:32.879894 7f5a32fe6700     Options.sst_file_manager.rate_bytes_per_sec: 0
2018/09/24-06:38:32.879896 7f5a32fe6700                          Options.bytes_per_sync: 0
2018/09/24-06:38:32.879898 7f5a32fe6700                      Options.wal_bytes_per_sync: 0
2018/09/24-06:38:32.879900 7f5a32fe6700                       Options.wal_recovery_mode: 2
2018/09/24-06:38:32.879918 7f5a32fe6700                  Options.enable_thread_tracking: 0
2018/09/24-06:38:32.879921 7f5a32fe6700                  Options.enable_pipelined_write: 0
2018/09/24-06:38:32.879923 7f5a32fe6700         Options.allow_concurrent_memtable_write: 1
2018/09/24-06:38:32.879925 7f5a32fe6700      Options.enable_write_thread_adaptive_yield: 1
2018/09/24-06:38:32.879926 7f5a32fe6700             Options.write_thread_max_yield_usec: 100
2018/09/24-06:38:32.879928 7f5a32fe6700            Options.write_thread_slow_yield_usec: 3
2018/09/24-06:38:32.879930 7f5a32fe6700                               Options.row_cache: None
2018/09/24-06:38:32.879932 7f5a32fe6700                              Options.wal_filter: None
2018/09/24-06:38:32.879934 7f5a32fe6700             Options.avoid_flush_during_recovery: 0
2018/09/24-06:38:32.879936 7f5a32fe6700             Options.allow_ingest_behind: 0
2018/09/24-06:38:32.879938 7f5a32fe6700             Options.concurrent_prepare: 0
2018/09/24-06:38:32.879939 7f5a32fe6700             Options.manual_wal_flush: 0
2018/09/24-06:38:32.879941 7f5a32fe6700             Options.max_background_jobs: 2
2018/09/24-06:38:32.879943 7f5a32fe6700             Options.max_background_compactions: -1
2018/09/24-06:38:32.879945 7f5a32fe6700             Options.avoid_flush_during_shutdown: 0
2018/09/24-06:38:32.879947 7f5a32fe6700             Options.delayed_write_rate : 16777216
2018/09/24-06:38:32.879949 7f5a32fe6700             Options.max_total_wal_size: 0
2018/09/24-06:38:32.879951 7f5a32fe6700             Options.delete_obsolete_files_period_micros: 21600000000
2018/09/24-06:38:32.879953 7f5a32fe6700                   Options.stats_dump_period_sec: 600
2018/09/24-06:38:32.879955 7f5a32fe6700                          Options.max_open_files: -1
2018/09/24-06:38:32.879957 7f5a32fe6700 Compression algorithms supported:
2018/09/24-06:38:32.879958 7f5a32fe6700 	Snappy supported: 1
2018/09/24-06:38:32.879960 7f5a32fe6700 	Zlib supported: 1
2018/09/24-06:38:32.879962 7f5a32fe6700 	Bzip supported: 1
2018/09/24-06:38:32.879964 7f5a32fe6700 	LZ4 supported: 1
2018/09/24-06:38:32.879966 7f5a32fe6700 	ZSTD supported: 1
2018/09/24-06:38:32.879968 7f5a32fe6700 Fast CRC32 supported: 0
2018/09/24-06:38:32.880080 7f5a32fe6700 [db/db_impl_open.cc:216] Creating manifest 1 
2018/09/24-06:38:33.086260 7f5a32fe6700 [db/version_set.cc:2712] Recovering from manifest file: MANIFEST-000001
2018/09/24-06:38:33.086358 7f5a32fe6700 [db/column_family.cc:413] --------------- Options for column family [default]:
2018/09/24-06:38:33.086363 7f5a32fe6700               Options.comparator: leveldb.BytewiseComparator
2018/09/24-06:38:33.086366 7f5a32fe6700           Options.merge_operator: None
2018/09/24-06:38:33.086368 7f5a32fe6700        Options.compaction_filter: None
2018/09/24-06:38:33.086370 7f5a32fe6700        Options.compaction_filter_factory: None
2018/09/24-06:38:33.086373 7f5a32fe6700         Options.memtable_factory: SkipListFactory
2018/09/24-06:38:33.086375 7f5a32fe6700            Options.table_factory: BlockBasedTable
2018/09/24-06:38:33.086422 7f5a32fe6700            table_factory options:   flush_block_policy_factory: FlushBlockBySizePolicyFactory (0x7f5a2c8403b0)
  cache_index_and_filter_blocks: 0
  cache_index_and_filter_blocks_with_high_priority: 0
  pin_l0_filter_and_index_blocks_in_cache: 0
  index_type: 2
  hash_index_allow_collision: 1
  checksum: 1
  no_block_cache: 0
  block_cache: 0x7f5a2c849ef8
  block_cache_name: LRUCache
  block_cache_options:
    capacity : 104857600
    num_shard_bits : 6
    strict_capacity_limit : 0
    high_pri_pool_ratio: 0.000
  block_cache_compressed: (nil)
  persistent_cache: (nil)
  block_size: 262144
  block_size_deviation: 10
  block_restart_interval: 16
  index_block_restart_interval: 1
  filter_policy: rocksdb.BuiltinBloomFilter
  whole_key_filtering: 1
  format_version: 0
2018/09/24-06:38:33.086428 7f5a32fe6700        Options.write_buffer_size: 52428800
2018/09/24-06:38:33.086431 7f5a32fe6700  Options.max_write_buffer_number: 2
2018/09/24-06:38:33.086458 7f5a32fe6700          Options.compression: Snappy
2018/09/24-06:38:33.086462 7f5a32fe6700                  Options.bottommost_compression: Disabled
2018/09/24-06:38:33.086465 7f5a32fe6700       Options.prefix_extractor: rocksdb.FixedPrefix.4
2018/09/24-06:38:33.086467 7f5a32fe6700   Options.memtable_insert_with_hint_prefix_extractor: nullptr
2018/09/24-06:38:33.086470 7f5a32fe6700             Options.num_levels: 7
2018/09/24-06:38:33.086472 7f5a32fe6700        Options.min_write_buffer_number_to_merge: 1
2018/09/24-06:38:33.086474 7f5a32fe6700     Options.max_write_buffer_number_to_maintain: 0
2018/09/24-06:38:33.086476 7f5a32fe6700            Options.compression_opts.window_bits: -14
2018/09/24-06:38:33.086479 7f5a32fe6700                  Options.compression_opts.level: -1
2018/09/24-06:38:33.086481 7f5a32fe6700               Options.compression_opts.strategy: 0
2018/09/24-06:38:33.086483 7f5a32fe6700         Options.compression_opts.max_dict_bytes: 0
2018/09/24-06:38:33.086485 7f5a32fe6700      Options.level0_file_num_compaction_trigger: 4
2018/09/24-06:38:33.086487 7f5a32fe6700          Options.level0_slowdown_writes_trigger: 20
2018/09/24-06:38:33.086489 7f5a32fe6700              Options.level0_stop_writes_trigger: 36
2018/09/24-06:38:33.086492 7f5a32fe6700                   Options.target_file_size_base: 67108864
2018/09/24-06:38:33.086494 7f5a32fe6700             Options.target_file_size_multiplier: 1
2018/09/24-06:38:33.086496 7f5a32fe6700                Options.max_bytes_for_level_base: 268435456
2018/09/24-06:38:33.086498 7f5a32fe6700 Options.level_compaction_dynamic_level_bytes: 0
2018/09/24-06:38:33.086500 7f5a32fe6700          Options.max_bytes_for_level_multiplier: 10.000000
2018/09/24-06:38:33.086505 7f5a32fe6700 Options.max_bytes_for_level_multiplier_addtl[0]: 1
2018/09/24-06:38:33.086508 7f5a32fe6700 Options.max_bytes_for_level_multiplier_addtl[1]: 1
2018/09/24-06:38:33.086510 7f5a32fe6700 Options.max_bytes_for_level_multiplier_addtl[2]: 1
2018/09/24-06:38:33.086512 7f5a32fe6700 Options.max_bytes_for_level_multiplier_addtl[3]: 1
2018/09/24-06:38:33.086514 7f5a32fe6700 Options.max_bytes_for_level_multiplier_addtl[4]: 1
2018/09/24-06:38:33.086517 7f5a32fe6700 Options.max_bytes_for_level_multiplier_addtl[5]: 1
2018/09/24-06:38:33.086519 7f5a32fe6700 Options.max_bytes_for_level_multiplier_addtl[6]: 1
2018/09/24-06:38:33.086521 7f5a32fe6700       Options.max_sequential_skip_in_iterations: 8
2018/09/24-06:38:33.086523 7f5a32fe6700                    Options.max_compaction_bytes: 1677721600
2018/09/24-06:38:33.086526 7f5a32fe6700                        Options.arena_block_size: 6553600
2018/09/24-06:38:33.086528 7f5a32fe6700   Options.soft_pending_compaction_bytes_limit: 68719476736
2018/09/24-06:38:33.086530 7f5a32fe6700   Options.hard_pending_compaction_bytes_limit: 274877906944
2018/09/24-06:38:33.086533 7f5a32fe6700       Options.rate_limit_delay_max_milliseconds: 100
2018/09/24-06:38:33.086535 7f5a32fe6700                Options.disable_auto_compactions: 0
2018/09/24-06:38:33.086537 7f5a32fe6700                        Options.compaction_style: kCompactionStyleLevel
2018/09/24-06:38:33.086540 7f5a32fe6700                          Options.compaction_pri: kByCompensatedSize
2018/09/24-06:38:33.086542 7f5a32fe6700 Options.compaction_options_universal.size_ratio: 1
2018/09/24-06:38:33.086544 7f5a32fe6700 Options.compaction_options_universal.min_merge_width: 2
2018/09/24-06:38:33.086547 7f5a32fe6700 Options.compaction_options_universal.max_merge_width: 4294967295
2018/09/24-06:38:33.086549 7f5a32fe6700 Options.compaction_options_universal.max_size_amplification_percent: 200
2018/09/24-06:38:33.086551 7f5a32fe6700 Options.compaction_options_universal.compression_size_percent: -1
2018/09/24-06:38:33.086554 7f5a32fe6700 Options.compaction_options_universal.stop_style: kCompactionStopStyleTotalSize
2018/09/24-06:38:33.086556 7f5a32fe6700 Options.compaction_options_fifo.max_table_files_size: 1073741824
2018/09/24-06:38:33.086558 7f5a32fe6700 Options.compaction_options_fifo.allow_compaction: 0
2018/09/24-06:38:33.086576 7f5a32fe6700 Options.compaction_options_fifo.ttl: 0
2018/09/24-06:38:33.086580 7f5a32fe6700                   Options.table_properties_collectors: 
2018/09/24-06:38:33.086582 7f5a32fe6700                   Options.inplace_update_support: 0
2018/09/24-06:38:33.086584 7f5a32fe6700                 Options.inplace_update_num_locks: 10000
2018/09/24-06:38:33.086586 7f5a32fe6700               Options.memtable_prefix_bloom_size_ratio: 0.000000
2018/09/24-06:38:33.086589 7f5a32fe6700   Options.memtable_huge_page_size: 0
2018/09/24-06:38:33.086592 7f5a32fe6700                           Options.bloom_locality: 0
2018/09/24-06:38:33.086594 7f5a32fe6700                    Options.max_successive_merges: 0
2018/09/24-06:38:33.086596 7f5a32fe6700                Options.optimize_filters_for_hits: 0
2018/09/24-06:38:33.086598 7f5a32fe6700                Options.paranoid_file_checks: 0
2018/09/24-06:38:33.086600 7f5a32fe6700                Options.force_consistency_checks: 0
2018/09/24-06:38:33.086602 7f5a32fe6700                Options.report_bg_io_stats: 0
2018/09/24-06:38:33.087662 7f5a32fe6700 [db/version_set.cc:2969] Recovered from manifest file:testDispose//tmp/rdbfactorytest361/MANIFEST-000001 succeeded,manifest_file_number is 1, next_file_number is 3, last_sequence is 0, log_number is 0,prev_log_number is 0,max_column_family is 0
2018/09/24-06:38:33.087670 7f5a32fe6700 [db/version_set.cc:2977] Column family [default] (ID 0), log number is 0
2018/09/24-06:38:33.220951 7f5a32fe6700 [db/db_impl_open.cc:1111] DB pointer 0x7f5a2e9ecd90
2018/09/24-06:38:54.948334 7f59da2f9700 [db/db_impl.cc:222] Shutdown: canceling all background work
2018/09/24-06:38:54.948460 7f59da2f9700 [db/db_impl.cc:348] Shutdown complete
