2018/09/11-10:46:32.991899 7fcf02fb6700 RocksDB version: 5.7.3
2018/09/11-10:46:32.991937 7fcf02fb6700 Git sha rocksdb_build_git_sha:
2018/09/11-10:46:32.991941 7fcf02fb6700 Compile date Sep  1 2017
2018/09/11-10:46:32.991943 7fcf02fb6700 DB SUMMARY
2018/09/11-10:46:32.991977 7fcf02fb6700 SST files in testDispose//tmp/rdbfactorytest262 dir, Total Num: 0, files: 
2018/09/11-10:46:32.991981 7fcf02fb6700 Write Ahead Log file in testDispose//tmp/rdbfactorytest262: 
2018/09/11-10:46:32.991984 7fcf02fb6700                         Options.error_if_exists: 0
2018/09/11-10:46:32.991986 7fcf02fb6700                       Options.create_if_missing: 1
2018/09/11-10:46:32.991988 7fcf02fb6700                         Options.paranoid_checks: 1
2018/09/11-10:46:32.991990 7fcf02fb6700                                     Options.env: 0x7fceceb59880
2018/09/11-10:46:32.991992 7fcf02fb6700                                Options.info_log: 0x7fcefd453b30
2018/09/11-10:46:32.991994 7fcf02fb6700                Options.max_file_opening_threads: 16
2018/09/11-10:46:32.991996 7fcf02fb6700                               Options.use_fsync: 0
2018/09/11-10:46:32.991997 7fcf02fb6700                       Options.max_log_file_size: 0
2018/09/11-10:46:32.991999 7fcf02fb6700                  Options.max_manifest_file_size: 18446744073709551615
2018/09/11-10:46:32.992001 7fcf02fb6700                   Options.log_file_time_to_roll: 0
2018/09/11-10:46:32.992003 7fcf02fb6700                       Options.keep_log_file_num: 1000
2018/09/11-10:46:32.992005 7fcf02fb6700                    Options.recycle_log_file_num: 0
2018/09/11-10:46:32.992007 7fcf02fb6700                         Options.allow_fallocate: 1
2018/09/11-10:46:32.992008 7fcf02fb6700                        Options.allow_mmap_reads: 0
2018/09/11-10:46:32.992010 7fcf02fb6700                       Options.allow_mmap_writes: 0
2018/09/11-10:46:32.992012 7fcf02fb6700                        Options.use_direct_reads: 0
2018/09/11-10:46:32.992014 7fcf02fb6700                        Options.use_direct_io_for_flush_and_compaction: 0
2018/09/11-10:46:32.992015 7fcf02fb6700          Options.create_missing_column_families: 0
2018/09/11-10:46:32.992017 7fcf02fb6700                              Options.db_log_dir: 
2018/09/11-10:46:32.992019 7fcf02fb6700                                 Options.wal_dir: testDispose//tmp/rdbfactorytest262
2018/09/11-10:46:32.992021 7fcf02fb6700                Options.table_cache_numshardbits: 6
2018/09/11-10:46:32.992023 7fcf02fb6700                      Options.max_subcompactions: 1
2018/09/11-10:46:32.992024 7fcf02fb6700                  Options.max_background_flushes: -1
2018/09/11-10:46:32.992026 7fcf02fb6700                         Options.WAL_ttl_seconds: 0
2018/09/11-10:46:32.992028 7fcf02fb6700                       Options.WAL_size_limit_MB: 0
2018/09/11-10:46:32.992029 7fcf02fb6700             Options.manifest_preallocation_size: 4194304
2018/09/11-10:46:32.992031 7fcf02fb6700                     Options.is_fd_close_on_exec: 1
2018/09/11-10:46:32.992033 7fcf02fb6700                   Options.advise_random_on_open: 1
2018/09/11-10:46:32.992035 7fcf02fb6700                    Options.db_write_buffer_size: 0
2018/09/11-10:46:32.992036 7fcf02fb6700         Options.access_hint_on_compaction_start: 1
2018/09/11-10:46:32.992038 7fcf02fb6700  Options.new_table_reader_for_compaction_inputs: 0
2018/09/11-10:46:32.992040 7fcf02fb6700               Options.compaction_readahead_size: 0
2018/09/11-10:46:32.992041 7fcf02fb6700           Options.random_access_max_buffer_size: 1048576
2018/09/11-10:46:32.992043 7fcf02fb6700           Options.writable_file_max_buffer_size: 1048576
2018/09/11-10:46:32.992045 7fcf02fb6700                      Options.use_adaptive_mutex: 0
2018/09/11-10:46:32.992047 7fcf02fb6700                            Options.rate_limiter: (nil)
2018/09/11-10:46:32.992049 7fcf02fb6700     Options.sst_file_manager.rate_bytes_per_sec: 0
2018/09/11-10:46:32.992051 7fcf02fb6700                          Options.bytes_per_sync: 0
2018/09/11-10:46:32.992052 7fcf02fb6700                      Options.wal_bytes_per_sync: 0
2018/09/11-10:46:32.992054 7fcf02fb6700                       Options.wal_recovery_mode: 2
2018/09/11-10:46:32.992071 7fcf02fb6700                  Options.enable_thread_tracking: 0
2018/09/11-10:46:32.992074 7fcf02fb6700                  Options.enable_pipelined_write: 0
2018/09/11-10:46:32.992076 7fcf02fb6700         Options.allow_concurrent_memtable_write: 1
2018/09/11-10:46:32.992078 7fcf02fb6700      Options.enable_write_thread_adaptive_yield: 1
2018/09/11-10:46:32.992080 7fcf02fb6700             Options.write_thread_max_yield_usec: 100
2018/09/11-10:46:32.992081 7fcf02fb6700            Options.write_thread_slow_yield_usec: 3
2018/09/11-10:46:32.992083 7fcf02fb6700                               Options.row_cache: None
2018/09/11-10:46:32.992085 7fcf02fb6700                              Options.wal_filter: None
2018/09/11-10:46:32.992087 7fcf02fb6700             Options.avoid_flush_during_recovery: 0
2018/09/11-10:46:32.992088 7fcf02fb6700             Options.allow_ingest_behind: 0
2018/09/11-10:46:32.992090 7fcf02fb6700             Options.concurrent_prepare: 0
2018/09/11-10:46:32.992092 7fcf02fb6700             Options.manual_wal_flush: 0
2018/09/11-10:46:32.992094 7fcf02fb6700             Options.max_background_jobs: 2
2018/09/11-10:46:32.992096 7fcf02fb6700             Options.max_background_compactions: -1
2018/09/11-10:46:32.992098 7fcf02fb6700             Options.avoid_flush_during_shutdown: 0
2018/09/11-10:46:32.992100 7fcf02fb6700             Options.delayed_write_rate : 16777216
2018/09/11-10:46:32.992102 7fcf02fb6700             Options.max_total_wal_size: 0
2018/09/11-10:46:32.992103 7fcf02fb6700             Options.delete_obsolete_files_period_micros: 21600000000
2018/09/11-10:46:32.992105 7fcf02fb6700                   Options.stats_dump_period_sec: 600
2018/09/11-10:46:32.992107 7fcf02fb6700                          Options.max_open_files: -1
2018/09/11-10:46:32.992109 7fcf02fb6700 Compression algorithms supported:
2018/09/11-10:46:32.992111 7fcf02fb6700 	Snappy supported: 1
2018/09/11-10:46:32.992113 7fcf02fb6700 	Zlib supported: 1
2018/09/11-10:46:32.992115 7fcf02fb6700 	Bzip supported: 1
2018/09/11-10:46:32.992116 7fcf02fb6700 	LZ4 supported: 1
2018/09/11-10:46:32.992119 7fcf02fb6700 	ZSTD supported: 1
2018/09/11-10:46:32.992121 7fcf02fb6700 Fast CRC32 supported: 0
2018/09/11-10:46:32.992228 7fcf02fb6700 [db/db_impl_open.cc:216] Creating manifest 1 
2018/09/11-10:46:33.215648 7fcf02fb6700 [db/version_set.cc:2712] Recovering from manifest file: MANIFEST-000001
2018/09/11-10:46:33.215707 7fcf02fb6700 [db/column_family.cc:413] --------------- Options for column family [default]:
2018/09/11-10:46:33.215710 7fcf02fb6700               Options.comparator: leveldb.BytewiseComparator
2018/09/11-10:46:33.215712 7fcf02fb6700           Options.merge_operator: None
2018/09/11-10:46:33.215713 7fcf02fb6700        Options.compaction_filter: None
2018/09/11-10:46:33.215714 7fcf02fb6700        Options.compaction_filter_factory: None
2018/09/11-10:46:33.215716 7fcf02fb6700         Options.memtable_factory: SkipListFactory
2018/09/11-10:46:33.215717 7fcf02fb6700            Options.table_factory: BlockBasedTable
2018/09/11-10:46:33.215744 7fcf02fb6700            table_factory options:   flush_block_policy_factory: FlushBlockBySizePolicyFactory (0x7fcefc860ad0)
  cache_index_and_filter_blocks: 0
  cache_index_and_filter_blocks_with_high_priority: 0
  pin_l0_filter_and_index_blocks_in_cache: 0
  index_type: 2
  hash_index_allow_collision: 1
  checksum: 1
  no_block_cache: 0
  block_cache: 0x7fcefc82c458
  block_cache_name: LRUCache
  block_cache_options:
    capacity : 104857600
    num_shard_bits : 6
    strict_capacity_limit : 0
    high_pri_pool_ratio: 0.000
  block_cache_compressed: (nil)
  persistent_cache: (nil)
  block_size: 262144
  block_size_deviation: 10
  block_restart_interval: 16
  index_block_restart_interval: 1
  filter_policy: rocksdb.BuiltinBloomFilter
  whole_key_filtering: 1
  format_version: 0
2018/09/11-10:46:33.215747 7fcf02fb6700        Options.write_buffer_size: 52428800
2018/09/11-10:46:33.215748 7fcf02fb6700  Options.max_write_buffer_number: 2
2018/09/11-10:46:33.215777 7fcf02fb6700          Options.compression: Snappy
2018/09/11-10:46:33.215780 7fcf02fb6700                  Options.bottommost_compression: Disabled
2018/09/11-10:46:33.215782 7fcf02fb6700       Options.prefix_extractor: rocksdb.FixedPrefix.4
2018/09/11-10:46:33.215783 7fcf02fb6700   Options.memtable_insert_with_hint_prefix_extractor: nullptr
2018/09/11-10:46:33.215785 7fcf02fb6700             Options.num_levels: 7
2018/09/11-10:46:33.215786 7fcf02fb6700        Options.min_write_buffer_number_to_merge: 1
2018/09/11-10:46:33.215787 7fcf02fb6700     Options.max_write_buffer_number_to_maintain: 0
2018/09/11-10:46:33.215788 7fcf02fb6700            Options.compression_opts.window_bits: -14
2018/09/11-10:46:33.215790 7fcf02fb6700                  Options.compression_opts.level: -1
2018/09/11-10:46:33.215791 7fcf02fb6700               Options.compression_opts.strategy: 0
2018/09/11-10:46:33.215792 7fcf02fb6700         Options.compression_opts.max_dict_bytes: 0
2018/09/11-10:46:33.215793 7fcf02fb6700      Options.level0_file_num_compaction_trigger: 4
2018/09/11-10:46:33.215795 7fcf02fb6700          Options.level0_slowdown_writes_trigger: 20
2018/09/11-10:46:33.215796 7fcf02fb6700              Options.level0_stop_writes_trigger: 36
2018/09/11-10:46:33.215797 7fcf02fb6700                   Options.target_file_size_base: 67108864
2018/09/11-10:46:33.215798 7fcf02fb6700             Options.target_file_size_multiplier: 1
2018/09/11-10:46:33.215799 7fcf02fb6700                Options.max_bytes_for_level_base: 268435456
2018/09/11-10:46:33.215801 7fcf02fb6700 Options.level_compaction_dynamic_level_bytes: 0
2018/09/11-10:46:33.215802 7fcf02fb6700          Options.max_bytes_for_level_multiplier: 10.000000
2018/09/11-10:46:33.215805 7fcf02fb6700 Options.max_bytes_for_level_multiplier_addtl[0]: 1
2018/09/11-10:46:33.215806 7fcf02fb6700 Options.max_bytes_for_level_multiplier_addtl[1]: 1
2018/09/11-10:46:33.215808 7fcf02fb6700 Options.max_bytes_for_level_multiplier_addtl[2]: 1
2018/09/11-10:46:33.215809 7fcf02fb6700 Options.max_bytes_for_level_multiplier_addtl[3]: 1
2018/09/11-10:46:33.215810 7fcf02fb6700 Options.max_bytes_for_level_multiplier_addtl[4]: 1
2018/09/11-10:46:33.215811 7fcf02fb6700 Options.max_bytes_for_level_multiplier_addtl[5]: 1
2018/09/11-10:46:33.215812 7fcf02fb6700 Options.max_bytes_for_level_multiplier_addtl[6]: 1
2018/09/11-10:46:33.215814 7fcf02fb6700       Options.max_sequential_skip_in_iterations: 8
2018/09/11-10:46:33.215815 7fcf02fb6700                    Options.max_compaction_bytes: 1677721600
2018/09/11-10:46:33.215816 7fcf02fb6700                        Options.arena_block_size: 6553600
2018/09/11-10:46:33.215817 7fcf02fb6700   Options.soft_pending_compaction_bytes_limit: 68719476736
2018/09/11-10:46:33.215819 7fcf02fb6700   Options.hard_pending_compaction_bytes_limit: 274877906944
2018/09/11-10:46:33.215820 7fcf02fb6700       Options.rate_limit_delay_max_milliseconds: 100
2018/09/11-10:46:33.215821 7fcf02fb6700                Options.disable_auto_compactions: 0
2018/09/11-10:46:33.215823 7fcf02fb6700                        Options.compaction_style: kCompactionStyleLevel
2018/09/11-10:46:33.215824 7fcf02fb6700                          Options.compaction_pri: kByCompensatedSize
2018/09/11-10:46:33.215825 7fcf02fb6700 Options.compaction_options_universal.size_ratio: 1
2018/09/11-10:46:33.215827 7fcf02fb6700 Options.compaction_options_universal.min_merge_width: 2
2018/09/11-10:46:33.215828 7fcf02fb6700 Options.compaction_options_universal.max_merge_width: 4294967295
2018/09/11-10:46:33.215829 7fcf02fb6700 Options.compaction_options_universal.max_size_amplification_percent: 200
2018/09/11-10:46:33.215831 7fcf02fb6700 Options.compaction_options_universal.compression_size_percent: -1
2018/09/11-10:46:33.215832 7fcf02fb6700 Options.compaction_options_universal.stop_style: kCompactionStopStyleTotalSize
2018/09/11-10:46:33.215833 7fcf02fb6700 Options.compaction_options_fifo.max_table_files_size: 1073741824
2018/09/11-10:46:33.215835 7fcf02fb6700 Options.compaction_options_fifo.allow_compaction: 0
2018/09/11-10:46:33.215846 7fcf02fb6700 Options.compaction_options_fifo.ttl: 0
2018/09/11-10:46:33.215848 7fcf02fb6700                   Options.table_properties_collectors: 
2018/09/11-10:46:33.215849 7fcf02fb6700                   Options.inplace_update_support: 0
2018/09/11-10:46:33.215851 7fcf02fb6700                 Options.inplace_update_num_locks: 10000
2018/09/11-10:46:33.215852 7fcf02fb6700               Options.memtable_prefix_bloom_size_ratio: 0.000000
2018/09/11-10:46:33.215854 7fcf02fb6700   Options.memtable_huge_page_size: 0
2018/09/11-10:46:33.215855 7fcf02fb6700                           Options.bloom_locality: 0
2018/09/11-10:46:33.215856 7fcf02fb6700                    Options.max_successive_merges: 0
2018/09/11-10:46:33.215857 7fcf02fb6700                Options.optimize_filters_for_hits: 0
2018/09/11-10:46:33.215858 7fcf02fb6700                Options.paranoid_file_checks: 0
2018/09/11-10:46:33.215860 7fcf02fb6700                Options.force_consistency_checks: 0
2018/09/11-10:46:33.215861 7fcf02fb6700                Options.report_bg_io_stats: 0
2018/09/11-10:46:33.217367 7fcf02fb6700 [db/version_set.cc:2969] Recovered from manifest file:testDispose//tmp/rdbfactorytest262/MANIFEST-000001 succeeded,manifest_file_number is 1, next_file_number is 3, last_sequence is 0, log_number is 0,prev_log_number is 0,max_column_family is 0
2018/09/11-10:46:33.217376 7fcf02fb6700 [db/version_set.cc:2977] Column family [default] (ID 0), log number is 0
2018/09/11-10:46:33.340924 7fcf02fb6700 [db/db_impl_open.cc:1111] DB pointer 0x7fcefd452fc0
2018/09/11-10:47:21.108614 7fcecdec9700 [db/db_impl.cc:222] Shutdown: canceling all background work
2018/09/11-10:47:21.108715 7fcecdec9700 [db/db_impl.cc:348] Shutdown complete
