2018/09/06-08:16:58.939537 7f2355f72700 RocksDB version: 5.7.3
2018/09/06-08:16:58.939580 7f2355f72700 Git sha rocksdb_build_git_sha:
2018/09/06-08:16:58.939584 7f2355f72700 Compile date Sep  1 2017
2018/09/06-08:16:58.939587 7f2355f72700 DB SUMMARY
2018/09/06-08:16:58.939623 7f2355f72700 SST files in testDispose//tmp/rdbfactorytest248 dir, Total Num: 0, files: 
2018/09/06-08:16:58.939628 7f2355f72700 Write Ahead Log file in testDispose//tmp/rdbfactorytest248: 
2018/09/06-08:16:58.939631 7f2355f72700                         Options.error_if_exists: 0
2018/09/06-08:16:58.939634 7f2355f72700                       Options.create_if_missing: 1
2018/09/06-08:16:58.939636 7f2355f72700                         Options.paranoid_checks: 1
2018/09/06-08:16:58.939638 7f2355f72700                                     Options.env: 0x7f2325b15880
2018/09/06-08:16:58.939641 7f2355f72700                                Options.info_log: 0x7f234d3221e0
2018/09/06-08:16:58.939643 7f2355f72700                Options.max_file_opening_threads: 16
2018/09/06-08:16:58.939645 7f2355f72700                               Options.use_fsync: 0
2018/09/06-08:16:58.939648 7f2355f72700                       Options.max_log_file_size: 0
2018/09/06-08:16:58.939650 7f2355f72700                  Options.max_manifest_file_size: 18446744073709551615
2018/09/06-08:16:58.939653 7f2355f72700                   Options.log_file_time_to_roll: 0
2018/09/06-08:16:58.939655 7f2355f72700                       Options.keep_log_file_num: 1000
2018/09/06-08:16:58.939657 7f2355f72700                    Options.recycle_log_file_num: 0
2018/09/06-08:16:58.939659 7f2355f72700                         Options.allow_fallocate: 1
2018/09/06-08:16:58.939661 7f2355f72700                        Options.allow_mmap_reads: 0
2018/09/06-08:16:58.939663 7f2355f72700                       Options.allow_mmap_writes: 0
2018/09/06-08:16:58.939665 7f2355f72700                        Options.use_direct_reads: 0
2018/09/06-08:16:58.939667 7f2355f72700                        Options.use_direct_io_for_flush_and_compaction: 0
2018/09/06-08:16:58.939669 7f2355f72700          Options.create_missing_column_families: 0
2018/09/06-08:16:58.939671 7f2355f72700                              Options.db_log_dir: 
2018/09/06-08:16:58.939674 7f2355f72700                                 Options.wal_dir: testDispose//tmp/rdbfactorytest248
2018/09/06-08:16:58.939676 7f2355f72700                Options.table_cache_numshardbits: 6
2018/09/06-08:16:58.939678 7f2355f72700                      Options.max_subcompactions: 1
2018/09/06-08:16:58.939680 7f2355f72700                  Options.max_background_flushes: -1
2018/09/06-08:16:58.939682 7f2355f72700                         Options.WAL_ttl_seconds: 0
2018/09/06-08:16:58.939684 7f2355f72700                       Options.WAL_size_limit_MB: 0
2018/09/06-08:16:58.939687 7f2355f72700             Options.manifest_preallocation_size: 4194304
2018/09/06-08:16:58.939689 7f2355f72700                     Options.is_fd_close_on_exec: 1
2018/09/06-08:16:58.939691 7f2355f72700                   Options.advise_random_on_open: 1
2018/09/06-08:16:58.939693 7f2355f72700                    Options.db_write_buffer_size: 0
2018/09/06-08:16:58.939695 7f2355f72700         Options.access_hint_on_compaction_start: 1
2018/09/06-08:16:58.939697 7f2355f72700  Options.new_table_reader_for_compaction_inputs: 0
2018/09/06-08:16:58.939699 7f2355f72700               Options.compaction_readahead_size: 0
2018/09/06-08:16:58.939701 7f2355f72700           Options.random_access_max_buffer_size: 1048576
2018/09/06-08:16:58.939703 7f2355f72700           Options.writable_file_max_buffer_size: 1048576
2018/09/06-08:16:58.939705 7f2355f72700                      Options.use_adaptive_mutex: 0
2018/09/06-08:16:58.939708 7f2355f72700                            Options.rate_limiter: (nil)
2018/09/06-08:16:58.939710 7f2355f72700     Options.sst_file_manager.rate_bytes_per_sec: 0
2018/09/06-08:16:58.939712 7f2355f72700                          Options.bytes_per_sync: 0
2018/09/06-08:16:58.939714 7f2355f72700                      Options.wal_bytes_per_sync: 0
2018/09/06-08:16:58.939716 7f2355f72700                       Options.wal_recovery_mode: 2
2018/09/06-08:16:58.939736 7f2355f72700                  Options.enable_thread_tracking: 0
2018/09/06-08:16:58.939739 7f2355f72700                  Options.enable_pipelined_write: 0
2018/09/06-08:16:58.939741 7f2355f72700         Options.allow_concurrent_memtable_write: 1
2018/09/06-08:16:58.939743 7f2355f72700      Options.enable_write_thread_adaptive_yield: 1
2018/09/06-08:16:58.939745 7f2355f72700             Options.write_thread_max_yield_usec: 100
2018/09/06-08:16:58.939747 7f2355f72700            Options.write_thread_slow_yield_usec: 3
2018/09/06-08:16:58.939749 7f2355f72700                               Options.row_cache: None
2018/09/06-08:16:58.939751 7f2355f72700                              Options.wal_filter: None
2018/09/06-08:16:58.939753 7f2355f72700             Options.avoid_flush_during_recovery: 0
2018/09/06-08:16:58.939756 7f2355f72700             Options.allow_ingest_behind: 0
2018/09/06-08:16:58.939758 7f2355f72700             Options.concurrent_prepare: 0
2018/09/06-08:16:58.939760 7f2355f72700             Options.manual_wal_flush: 0
2018/09/06-08:16:58.939762 7f2355f72700             Options.max_background_jobs: 2
2018/09/06-08:16:58.939764 7f2355f72700             Options.max_background_compactions: -1
2018/09/06-08:16:58.939766 7f2355f72700             Options.avoid_flush_during_shutdown: 0
2018/09/06-08:16:58.939768 7f2355f72700             Options.delayed_write_rate : 16777216
2018/09/06-08:16:58.939771 7f2355f72700             Options.max_total_wal_size: 0
2018/09/06-08:16:58.939772 7f2355f72700             Options.delete_obsolete_files_period_micros: 21600000000
2018/09/06-08:16:58.939774 7f2355f72700                   Options.stats_dump_period_sec: 600
2018/09/06-08:16:58.939776 7f2355f72700                          Options.max_open_files: -1
2018/09/06-08:16:58.939778 7f2355f72700 Compression algorithms supported:
2018/09/06-08:16:58.939780 7f2355f72700 	Snappy supported: 1
2018/09/06-08:16:58.939782 7f2355f72700 	Zlib supported: 1
2018/09/06-08:16:58.939783 7f2355f72700 	Bzip supported: 1
2018/09/06-08:16:58.939785 7f2355f72700 	LZ4 supported: 1
2018/09/06-08:16:58.939788 7f2355f72700 	ZSTD supported: 1
2018/09/06-08:16:58.939790 7f2355f72700 Fast CRC32 supported: 0
2018/09/06-08:16:58.939904 7f2355f72700 [db/db_impl_open.cc:216] Creating manifest 1 
2018/09/06-08:16:59.147261 7f2355f72700 [db/version_set.cc:2712] Recovering from manifest file: MANIFEST-000001
2018/09/06-08:16:59.147336 7f2355f72700 [db/column_family.cc:413] --------------- Options for column family [default]:
2018/09/06-08:16:59.147341 7f2355f72700               Options.comparator: leveldb.BytewiseComparator
2018/09/06-08:16:59.147343 7f2355f72700           Options.merge_operator: None
2018/09/06-08:16:59.147345 7f2355f72700        Options.compaction_filter: None
2018/09/06-08:16:59.147347 7f2355f72700        Options.compaction_filter_factory: None
2018/09/06-08:16:59.147349 7f2355f72700         Options.memtable_factory: SkipListFactory
2018/09/06-08:16:59.147352 7f2355f72700            Options.table_factory: BlockBasedTable
2018/09/06-08:16:59.147386 7f2355f72700            table_factory options:   flush_block_policy_factory: FlushBlockBySizePolicyFactory (0x7f234c88cf30)
  cache_index_and_filter_blocks: 0
  cache_index_and_filter_blocks_with_high_priority: 0
  pin_l0_filter_and_index_blocks_in_cache: 0
  index_type: 2
  hash_index_allow_collision: 1
  checksum: 1
  no_block_cache: 0
  block_cache: 0x7f234c88cbe8
  block_cache_name: LRUCache
  block_cache_options:
    capacity : 104857600
    num_shard_bits : 6
    strict_capacity_limit : 0
    high_pri_pool_ratio: 0.000
  block_cache_compressed: (nil)
  persistent_cache: (nil)
  block_size: 262144
  block_size_deviation: 10
  block_restart_interval: 16
  index_block_restart_interval: 1
  filter_policy: rocksdb.BuiltinBloomFilter
  whole_key_filtering: 1
  format_version: 0
2018/09/06-08:16:59.147392 7f2355f72700        Options.write_buffer_size: 52428800
2018/09/06-08:16:59.147394 7f2355f72700  Options.max_write_buffer_number: 2
2018/09/06-08:16:59.147422 7f2355f72700          Options.compression: Snappy
2018/09/06-08:16:59.147427 7f2355f72700                  Options.bottommost_compression: Disabled
2018/09/06-08:16:59.147429 7f2355f72700       Options.prefix_extractor: rocksdb.FixedPrefix.4
2018/09/06-08:16:59.147431 7f2355f72700   Options.memtable_insert_with_hint_prefix_extractor: nullptr
2018/09/06-08:16:59.147433 7f2355f72700             Options.num_levels: 7
2018/09/06-08:16:59.147435 7f2355f72700        Options.min_write_buffer_number_to_merge: 1
2018/09/06-08:16:59.147437 7f2355f72700     Options.max_write_buffer_number_to_maintain: 0
2018/09/06-08:16:59.147439 7f2355f72700            Options.compression_opts.window_bits: -14
2018/09/06-08:16:59.147441 7f2355f72700                  Options.compression_opts.level: -1
2018/09/06-08:16:59.147443 7f2355f72700               Options.compression_opts.strategy: 0
2018/09/06-08:16:59.147445 7f2355f72700         Options.compression_opts.max_dict_bytes: 0
2018/09/06-08:16:59.147447 7f2355f72700      Options.level0_file_num_compaction_trigger: 4
2018/09/06-08:16:59.147449 7f2355f72700          Options.level0_slowdown_writes_trigger: 20
2018/09/06-08:16:59.147451 7f2355f72700              Options.level0_stop_writes_trigger: 36
2018/09/06-08:16:59.147453 7f2355f72700                   Options.target_file_size_base: 67108864
2018/09/06-08:16:59.147455 7f2355f72700             Options.target_file_size_multiplier: 1
2018/09/06-08:16:59.147457 7f2355f72700                Options.max_bytes_for_level_base: 268435456
2018/09/06-08:16:59.147459 7f2355f72700 Options.level_compaction_dynamic_level_bytes: 0
2018/09/06-08:16:59.147461 7f2355f72700          Options.max_bytes_for_level_multiplier: 10.000000
2018/09/06-08:16:59.147466 7f2355f72700 Options.max_bytes_for_level_multiplier_addtl[0]: 1
2018/09/06-08:16:59.147468 7f2355f72700 Options.max_bytes_for_level_multiplier_addtl[1]: 1
2018/09/06-08:16:59.147470 7f2355f72700 Options.max_bytes_for_level_multiplier_addtl[2]: 1
2018/09/06-08:16:59.147472 7f2355f72700 Options.max_bytes_for_level_multiplier_addtl[3]: 1
2018/09/06-08:16:59.147474 7f2355f72700 Options.max_bytes_for_level_multiplier_addtl[4]: 1
2018/09/06-08:16:59.147476 7f2355f72700 Options.max_bytes_for_level_multiplier_addtl[5]: 1
2018/09/06-08:16:59.147478 7f2355f72700 Options.max_bytes_for_level_multiplier_addtl[6]: 1
2018/09/06-08:16:59.147480 7f2355f72700       Options.max_sequential_skip_in_iterations: 8
2018/09/06-08:16:59.147482 7f2355f72700                    Options.max_compaction_bytes: 1677721600
2018/09/06-08:16:59.147484 7f2355f72700                        Options.arena_block_size: 6553600
2018/09/06-08:16:59.147486 7f2355f72700   Options.soft_pending_compaction_bytes_limit: 68719476736
2018/09/06-08:16:59.147488 7f2355f72700   Options.hard_pending_compaction_bytes_limit: 274877906944
2018/09/06-08:16:59.147490 7f2355f72700       Options.rate_limit_delay_max_milliseconds: 100
2018/09/06-08:16:59.147492 7f2355f72700                Options.disable_auto_compactions: 0
2018/09/06-08:16:59.147495 7f2355f72700                        Options.compaction_style: kCompactionStyleLevel
2018/09/06-08:16:59.147497 7f2355f72700                          Options.compaction_pri: kByCompensatedSize
2018/09/06-08:16:59.147499 7f2355f72700 Options.compaction_options_universal.size_ratio: 1
2018/09/06-08:16:59.147501 7f2355f72700 Options.compaction_options_universal.min_merge_width: 2
2018/09/06-08:16:59.147503 7f2355f72700 Options.compaction_options_universal.max_merge_width: 4294967295
2018/09/06-08:16:59.147505 7f2355f72700 Options.compaction_options_universal.max_size_amplification_percent: 200
2018/09/06-08:16:59.147507 7f2355f72700 Options.compaction_options_universal.compression_size_percent: -1
2018/09/06-08:16:59.147510 7f2355f72700 Options.compaction_options_universal.stop_style: kCompactionStopStyleTotalSize
2018/09/06-08:16:59.147512 7f2355f72700 Options.compaction_options_fifo.max_table_files_size: 1073741824
2018/09/06-08:16:59.147514 7f2355f72700 Options.compaction_options_fifo.allow_compaction: 0
2018/09/06-08:16:59.147532 7f2355f72700 Options.compaction_options_fifo.ttl: 0
2018/09/06-08:16:59.147535 7f2355f72700                   Options.table_properties_collectors: 
2018/09/06-08:16:59.147537 7f2355f72700                   Options.inplace_update_support: 0
2018/09/06-08:16:59.147539 7f2355f72700                 Options.inplace_update_num_locks: 10000
2018/09/06-08:16:59.147541 7f2355f72700               Options.memtable_prefix_bloom_size_ratio: 0.000000
2018/09/06-08:16:59.147544 7f2355f72700   Options.memtable_huge_page_size: 0
2018/09/06-08:16:59.147546 7f2355f72700                           Options.bloom_locality: 0
2018/09/06-08:16:59.147548 7f2355f72700                    Options.max_successive_merges: 0
2018/09/06-08:16:59.147550 7f2355f72700                Options.optimize_filters_for_hits: 0
2018/09/06-08:16:59.147551 7f2355f72700                Options.paranoid_file_checks: 0
2018/09/06-08:16:59.147553 7f2355f72700                Options.force_consistency_checks: 0
2018/09/06-08:16:59.147555 7f2355f72700                Options.report_bg_io_stats: 0
2018/09/06-08:16:59.148486 7f2355f72700 [db/version_set.cc:2969] Recovered from manifest file:testDispose//tmp/rdbfactorytest248/MANIFEST-000001 succeeded,manifest_file_number is 1, next_file_number is 3, last_sequence is 0, log_number is 0,prev_log_number is 0,max_column_family is 0
2018/09/06-08:16:59.148493 7f2355f72700 [db/version_set.cc:2977] Column family [default] (ID 0), log number is 0
2018/09/06-08:16:59.247041 7f2355f72700 [db/db_impl_open.cc:1111] DB pointer 0x7f234d2b4de0
2018/09/06-08:17:50.583876 7f2324e85700 [db/db_impl.cc:222] Shutdown: canceling all background work
2018/09/06-08:17:50.584004 7f2324e85700 [db/db_impl.cc:348] Shutdown complete
