2018/09/11-10:46:25.494244 7fcf02fb6700 RocksDB version: 5.7.3
2018/09/11-10:46:25.494291 7fcf02fb6700 Git sha rocksdb_build_git_sha:
2018/09/11-10:46:25.494295 7fcf02fb6700 Compile date Sep  1 2017
2018/09/11-10:46:25.494298 7fcf02fb6700 DB SUMMARY
2018/09/11-10:46:25.494336 7fcf02fb6700 SST files in testDispose//tmp/rdbfactorytest248 dir, Total Num: 0, files: 
2018/09/11-10:46:25.494341 7fcf02fb6700 Write Ahead Log file in testDispose//tmp/rdbfactorytest248: 
2018/09/11-10:46:25.494344 7fcf02fb6700                         Options.error_if_exists: 0
2018/09/11-10:46:25.494346 7fcf02fb6700                       Options.create_if_missing: 1
2018/09/11-10:46:25.494348 7fcf02fb6700                         Options.paranoid_checks: 1
2018/09/11-10:46:25.494350 7fcf02fb6700                                     Options.env: 0x7fceceb59880
2018/09/11-10:46:25.494352 7fcf02fb6700                                Options.info_log: 0x7fcefd32a3c0
2018/09/11-10:46:25.494354 7fcf02fb6700                Options.max_file_opening_threads: 16
2018/09/11-10:46:25.494356 7fcf02fb6700                               Options.use_fsync: 0
2018/09/11-10:46:25.494358 7fcf02fb6700                       Options.max_log_file_size: 0
2018/09/11-10:46:25.494360 7fcf02fb6700                  Options.max_manifest_file_size: 18446744073709551615
2018/09/11-10:46:25.494362 7fcf02fb6700                   Options.log_file_time_to_roll: 0
2018/09/11-10:46:25.494364 7fcf02fb6700                       Options.keep_log_file_num: 1000
2018/09/11-10:46:25.494366 7fcf02fb6700                    Options.recycle_log_file_num: 0
2018/09/11-10:46:25.494368 7fcf02fb6700                         Options.allow_fallocate: 1
2018/09/11-10:46:25.494370 7fcf02fb6700                        Options.allow_mmap_reads: 0
2018/09/11-10:46:25.494372 7fcf02fb6700                       Options.allow_mmap_writes: 0
2018/09/11-10:46:25.494374 7fcf02fb6700                        Options.use_direct_reads: 0
2018/09/11-10:46:25.494376 7fcf02fb6700                        Options.use_direct_io_for_flush_and_compaction: 0
2018/09/11-10:46:25.494378 7fcf02fb6700          Options.create_missing_column_families: 0
2018/09/11-10:46:25.494380 7fcf02fb6700                              Options.db_log_dir: 
2018/09/11-10:46:25.494382 7fcf02fb6700                                 Options.wal_dir: testDispose//tmp/rdbfactorytest248
2018/09/11-10:46:25.494384 7fcf02fb6700                Options.table_cache_numshardbits: 6
2018/09/11-10:46:25.494385 7fcf02fb6700                      Options.max_subcompactions: 1
2018/09/11-10:46:25.494387 7fcf02fb6700                  Options.max_background_flushes: -1
2018/09/11-10:46:25.494389 7fcf02fb6700                         Options.WAL_ttl_seconds: 0
2018/09/11-10:46:25.494391 7fcf02fb6700                       Options.WAL_size_limit_MB: 0
2018/09/11-10:46:25.494393 7fcf02fb6700             Options.manifest_preallocation_size: 4194304
2018/09/11-10:46:25.494395 7fcf02fb6700                     Options.is_fd_close_on_exec: 1
2018/09/11-10:46:25.494397 7fcf02fb6700                   Options.advise_random_on_open: 1
2018/09/11-10:46:25.494399 7fcf02fb6700                    Options.db_write_buffer_size: 0
2018/09/11-10:46:25.494401 7fcf02fb6700         Options.access_hint_on_compaction_start: 1
2018/09/11-10:46:25.494402 7fcf02fb6700  Options.new_table_reader_for_compaction_inputs: 0
2018/09/11-10:46:25.494404 7fcf02fb6700               Options.compaction_readahead_size: 0
2018/09/11-10:46:25.494406 7fcf02fb6700           Options.random_access_max_buffer_size: 1048576
2018/09/11-10:46:25.494408 7fcf02fb6700           Options.writable_file_max_buffer_size: 1048576
2018/09/11-10:46:25.494410 7fcf02fb6700                      Options.use_adaptive_mutex: 0
2018/09/11-10:46:25.494412 7fcf02fb6700                            Options.rate_limiter: (nil)
2018/09/11-10:46:25.494414 7fcf02fb6700     Options.sst_file_manager.rate_bytes_per_sec: 0
2018/09/11-10:46:25.494416 7fcf02fb6700                          Options.bytes_per_sync: 0
2018/09/11-10:46:25.494418 7fcf02fb6700                      Options.wal_bytes_per_sync: 0
2018/09/11-10:46:25.494420 7fcf02fb6700                       Options.wal_recovery_mode: 2
2018/09/11-10:46:25.494442 7fcf02fb6700                  Options.enable_thread_tracking: 0
2018/09/11-10:46:25.494446 7fcf02fb6700                  Options.enable_pipelined_write: 0
2018/09/11-10:46:25.494448 7fcf02fb6700         Options.allow_concurrent_memtable_write: 1
2018/09/11-10:46:25.494450 7fcf02fb6700      Options.enable_write_thread_adaptive_yield: 1
2018/09/11-10:46:25.494452 7fcf02fb6700             Options.write_thread_max_yield_usec: 100
2018/09/11-10:46:25.494454 7fcf02fb6700            Options.write_thread_slow_yield_usec: 3
2018/09/11-10:46:25.494456 7fcf02fb6700                               Options.row_cache: None
2018/09/11-10:46:25.494458 7fcf02fb6700                              Options.wal_filter: None
2018/09/11-10:46:25.494460 7fcf02fb6700             Options.avoid_flush_during_recovery: 0
2018/09/11-10:46:25.494462 7fcf02fb6700             Options.allow_ingest_behind: 0
2018/09/11-10:46:25.494464 7fcf02fb6700             Options.concurrent_prepare: 0
2018/09/11-10:46:25.494466 7fcf02fb6700             Options.manual_wal_flush: 0
2018/09/11-10:46:25.494469 7fcf02fb6700             Options.max_background_jobs: 2
2018/09/11-10:46:25.494471 7fcf02fb6700             Options.max_background_compactions: -1
2018/09/11-10:46:25.494472 7fcf02fb6700             Options.avoid_flush_during_shutdown: 0
2018/09/11-10:46:25.494474 7fcf02fb6700             Options.delayed_write_rate : 16777216
2018/09/11-10:46:25.494476 7fcf02fb6700             Options.max_total_wal_size: 0
2018/09/11-10:46:25.494478 7fcf02fb6700             Options.delete_obsolete_files_period_micros: 21600000000
2018/09/11-10:46:25.494480 7fcf02fb6700                   Options.stats_dump_period_sec: 600
2018/09/11-10:46:25.494482 7fcf02fb6700                          Options.max_open_files: -1
2018/09/11-10:46:25.494484 7fcf02fb6700 Compression algorithms supported:
2018/09/11-10:46:25.494486 7fcf02fb6700 	Snappy supported: 1
2018/09/11-10:46:25.494488 7fcf02fb6700 	Zlib supported: 1
2018/09/11-10:46:25.494490 7fcf02fb6700 	Bzip supported: 1
2018/09/11-10:46:25.494492 7fcf02fb6700 	LZ4 supported: 1
2018/09/11-10:46:25.494494 7fcf02fb6700 	ZSTD supported: 1
2018/09/11-10:46:25.494496 7fcf02fb6700 Fast CRC32 supported: 0
2018/09/11-10:46:25.494605 7fcf02fb6700 [db/db_impl_open.cc:216] Creating manifest 1 
2018/09/11-10:46:25.749098 7fcf02fb6700 [db/version_set.cc:2712] Recovering from manifest file: MANIFEST-000001
2018/09/11-10:46:25.749172 7fcf02fb6700 [db/column_family.cc:413] --------------- Options for column family [default]:
2018/09/11-10:46:25.749178 7fcf02fb6700               Options.comparator: leveldb.BytewiseComparator
2018/09/11-10:46:25.749180 7fcf02fb6700           Options.merge_operator: None
2018/09/11-10:46:25.749182 7fcf02fb6700        Options.compaction_filter: None
2018/09/11-10:46:25.749185 7fcf02fb6700        Options.compaction_filter_factory: None
2018/09/11-10:46:25.749187 7fcf02fb6700         Options.memtable_factory: SkipListFactory
2018/09/11-10:46:25.749190 7fcf02fb6700            Options.table_factory: BlockBasedTable
2018/09/11-10:46:25.749271 7fcf02fb6700            table_factory options:   flush_block_policy_factory: FlushBlockBySizePolicyFactory (0x7fcefc860ad0)
  cache_index_and_filter_blocks: 0
  cache_index_and_filter_blocks_with_high_priority: 0
  pin_l0_filter_and_index_blocks_in_cache: 0
  index_type: 2
  hash_index_allow_collision: 1
  checksum: 1
  no_block_cache: 0
  block_cache: 0x7fcefc82c458
  block_cache_name: LRUCache
  block_cache_options:
    capacity : 104857600
    num_shard_bits : 6
    strict_capacity_limit : 0
    high_pri_pool_ratio: 0.000
  block_cache_compressed: (nil)
  persistent_cache: (nil)
  block_size: 262144
  block_size_deviation: 10
  block_restart_interval: 16
  index_block_restart_interval: 1
  filter_policy: rocksdb.BuiltinBloomFilter
  whole_key_filtering: 1
  format_version: 0
2018/09/11-10:46:25.749277 7fcf02fb6700        Options.write_buffer_size: 52428800
2018/09/11-10:46:25.749279 7fcf02fb6700  Options.max_write_buffer_number: 2
2018/09/11-10:46:25.749305 7fcf02fb6700          Options.compression: Snappy
2018/09/11-10:46:25.749309 7fcf02fb6700                  Options.bottommost_compression: Disabled
2018/09/11-10:46:25.749311 7fcf02fb6700       Options.prefix_extractor: rocksdb.FixedPrefix.4
2018/09/11-10:46:25.749314 7fcf02fb6700   Options.memtable_insert_with_hint_prefix_extractor: nullptr
2018/09/11-10:46:25.749316 7fcf02fb6700             Options.num_levels: 7
2018/09/11-10:46:25.749318 7fcf02fb6700        Options.min_write_buffer_number_to_merge: 1
2018/09/11-10:46:25.749320 7fcf02fb6700     Options.max_write_buffer_number_to_maintain: 0
2018/09/11-10:46:25.749322 7fcf02fb6700            Options.compression_opts.window_bits: -14
2018/09/11-10:46:25.749324 7fcf02fb6700                  Options.compression_opts.level: -1
2018/09/11-10:46:25.749327 7fcf02fb6700               Options.compression_opts.strategy: 0
2018/09/11-10:46:25.749329 7fcf02fb6700         Options.compression_opts.max_dict_bytes: 0
2018/09/11-10:46:25.749331 7fcf02fb6700      Options.level0_file_num_compaction_trigger: 4
2018/09/11-10:46:25.749333 7fcf02fb6700          Options.level0_slowdown_writes_trigger: 20
2018/09/11-10:46:25.749335 7fcf02fb6700              Options.level0_stop_writes_trigger: 36
2018/09/11-10:46:25.749337 7fcf02fb6700                   Options.target_file_size_base: 67108864
2018/09/11-10:46:25.749339 7fcf02fb6700             Options.target_file_size_multiplier: 1
2018/09/11-10:46:25.749341 7fcf02fb6700                Options.max_bytes_for_level_base: 268435456
2018/09/11-10:46:25.749343 7fcf02fb6700 Options.level_compaction_dynamic_level_bytes: 0
2018/09/11-10:46:25.749346 7fcf02fb6700          Options.max_bytes_for_level_multiplier: 10.000000
2018/09/11-10:46:25.749351 7fcf02fb6700 Options.max_bytes_for_level_multiplier_addtl[0]: 1
2018/09/11-10:46:25.749353 7fcf02fb6700 Options.max_bytes_for_level_multiplier_addtl[1]: 1
2018/09/11-10:46:25.749355 7fcf02fb6700 Options.max_bytes_for_level_multiplier_addtl[2]: 1
2018/09/11-10:46:25.749357 7fcf02fb6700 Options.max_bytes_for_level_multiplier_addtl[3]: 1
2018/09/11-10:46:25.749360 7fcf02fb6700 Options.max_bytes_for_level_multiplier_addtl[4]: 1
2018/09/11-10:46:25.749362 7fcf02fb6700 Options.max_bytes_for_level_multiplier_addtl[5]: 1
2018/09/11-10:46:25.749364 7fcf02fb6700 Options.max_bytes_for_level_multiplier_addtl[6]: 1
2018/09/11-10:46:25.749366 7fcf02fb6700       Options.max_sequential_skip_in_iterations: 8
2018/09/11-10:46:25.749368 7fcf02fb6700                    Options.max_compaction_bytes: 1677721600
2018/09/11-10:46:25.749371 7fcf02fb6700                        Options.arena_block_size: 6553600
2018/09/11-10:46:25.749373 7fcf02fb6700   Options.soft_pending_compaction_bytes_limit: 68719476736
2018/09/11-10:46:25.749375 7fcf02fb6700   Options.hard_pending_compaction_bytes_limit: 274877906944
2018/09/11-10:46:25.749377 7fcf02fb6700       Options.rate_limit_delay_max_milliseconds: 100
2018/09/11-10:46:25.749379 7fcf02fb6700                Options.disable_auto_compactions: 0
2018/09/11-10:46:25.749382 7fcf02fb6700                        Options.compaction_style: kCompactionStyleLevel
2018/09/11-10:46:25.749385 7fcf02fb6700                          Options.compaction_pri: kByCompensatedSize
2018/09/11-10:46:25.749387 7fcf02fb6700 Options.compaction_options_universal.size_ratio: 1
2018/09/11-10:46:25.749389 7fcf02fb6700 Options.compaction_options_universal.min_merge_width: 2
2018/09/11-10:46:25.749391 7fcf02fb6700 Options.compaction_options_universal.max_merge_width: 4294967295
2018/09/11-10:46:25.749394 7fcf02fb6700 Options.compaction_options_universal.max_size_amplification_percent: 200
2018/09/11-10:46:25.749396 7fcf02fb6700 Options.compaction_options_universal.compression_size_percent: -1
2018/09/11-10:46:25.749398 7fcf02fb6700 Options.compaction_options_universal.stop_style: kCompactionStopStyleTotalSize
2018/09/11-10:46:25.749401 7fcf02fb6700 Options.compaction_options_fifo.max_table_files_size: 1073741824
2018/09/11-10:46:25.749403 7fcf02fb6700 Options.compaction_options_fifo.allow_compaction: 0
2018/09/11-10:46:25.749421 7fcf02fb6700 Options.compaction_options_fifo.ttl: 0
2018/09/11-10:46:25.749425 7fcf02fb6700                   Options.table_properties_collectors: 
2018/09/11-10:46:25.749427 7fcf02fb6700                   Options.inplace_update_support: 0
2018/09/11-10:46:25.749429 7fcf02fb6700                 Options.inplace_update_num_locks: 10000
2018/09/11-10:46:25.749431 7fcf02fb6700               Options.memtable_prefix_bloom_size_ratio: 0.000000
2018/09/11-10:46:25.749434 7fcf02fb6700   Options.memtable_huge_page_size: 0
2018/09/11-10:46:25.749436 7fcf02fb6700                           Options.bloom_locality: 0
2018/09/11-10:46:25.749439 7fcf02fb6700                    Options.max_successive_merges: 0
2018/09/11-10:46:25.749441 7fcf02fb6700                Options.optimize_filters_for_hits: 0
2018/09/11-10:46:25.749443 7fcf02fb6700                Options.paranoid_file_checks: 0
2018/09/11-10:46:25.749445 7fcf02fb6700                Options.force_consistency_checks: 0
2018/09/11-10:46:25.749447 7fcf02fb6700                Options.report_bg_io_stats: 0
2018/09/11-10:46:25.756494 7fcf02fb6700 [db/version_set.cc:2969] Recovered from manifest file:testDispose//tmp/rdbfactorytest248/MANIFEST-000001 succeeded,manifest_file_number is 1, next_file_number is 3, last_sequence is 0, log_number is 0,prev_log_number is 0,max_column_family is 0
2018/09/11-10:46:25.756509 7fcf02fb6700 [db/version_set.cc:2977] Column family [default] (ID 0), log number is 0
2018/09/11-10:46:25.932966 7fcf02fb6700 [db/db_impl_open.cc:1111] DB pointer 0x7fcefd29b830
2018/09/11-10:47:21.100879 7fcecdec9700 [db/db_impl.cc:222] Shutdown: canceling all background work
2018/09/11-10:47:21.100978 7fcecdec9700 [db/db_impl.cc:348] Shutdown complete
