2018/09/06-08:16:59.598538 7f2355f72700 RocksDB version: 5.7.3
2018/09/06-08:16:59.598579 7f2355f72700 Git sha rocksdb_build_git_sha:
2018/09/06-08:16:59.598582 7f2355f72700 Compile date Sep  1 2017
2018/09/06-08:16:59.598585 7f2355f72700 DB SUMMARY
2018/09/06-08:16:59.598617 7f2355f72700 SST files in testDispose//tmp/rdbfactorytest250 dir, Total Num: 0, files: 
2018/09/06-08:16:59.598621 7f2355f72700 Write Ahead Log file in testDispose//tmp/rdbfactorytest250: 
2018/09/06-08:16:59.598623 7f2355f72700                         Options.error_if_exists: 0
2018/09/06-08:16:59.598625 7f2355f72700                       Options.create_if_missing: 1
2018/09/06-08:16:59.598626 7f2355f72700                         Options.paranoid_checks: 1
2018/09/06-08:16:59.598628 7f2355f72700                                     Options.env: 0x7f2325b15880
2018/09/06-08:16:59.598629 7f2355f72700                                Options.info_log: 0x7f234d37e660
2018/09/06-08:16:59.598631 7f2355f72700                Options.max_file_opening_threads: 16
2018/09/06-08:16:59.598632 7f2355f72700                               Options.use_fsync: 0
2018/09/06-08:16:59.598634 7f2355f72700                       Options.max_log_file_size: 0
2018/09/06-08:16:59.598635 7f2355f72700                  Options.max_manifest_file_size: 18446744073709551615
2018/09/06-08:16:59.598637 7f2355f72700                   Options.log_file_time_to_roll: 0
2018/09/06-08:16:59.598638 7f2355f72700                       Options.keep_log_file_num: 1000
2018/09/06-08:16:59.598640 7f2355f72700                    Options.recycle_log_file_num: 0
2018/09/06-08:16:59.598641 7f2355f72700                         Options.allow_fallocate: 1
2018/09/06-08:16:59.598642 7f2355f72700                        Options.allow_mmap_reads: 0
2018/09/06-08:16:59.598644 7f2355f72700                       Options.allow_mmap_writes: 0
2018/09/06-08:16:59.598645 7f2355f72700                        Options.use_direct_reads: 0
2018/09/06-08:16:59.598646 7f2355f72700                        Options.use_direct_io_for_flush_and_compaction: 0
2018/09/06-08:16:59.598648 7f2355f72700          Options.create_missing_column_families: 0
2018/09/06-08:16:59.598649 7f2355f72700                              Options.db_log_dir: 
2018/09/06-08:16:59.598651 7f2355f72700                                 Options.wal_dir: testDispose//tmp/rdbfactorytest250
2018/09/06-08:16:59.598652 7f2355f72700                Options.table_cache_numshardbits: 6
2018/09/06-08:16:59.598653 7f2355f72700                      Options.max_subcompactions: 1
2018/09/06-08:16:59.598655 7f2355f72700                  Options.max_background_flushes: -1
2018/09/06-08:16:59.598656 7f2355f72700                         Options.WAL_ttl_seconds: 0
2018/09/06-08:16:59.598658 7f2355f72700                       Options.WAL_size_limit_MB: 0
2018/09/06-08:16:59.598659 7f2355f72700             Options.manifest_preallocation_size: 4194304
2018/09/06-08:16:59.598660 7f2355f72700                     Options.is_fd_close_on_exec: 1
2018/09/06-08:16:59.598662 7f2355f72700                   Options.advise_random_on_open: 1
2018/09/06-08:16:59.598663 7f2355f72700                    Options.db_write_buffer_size: 0
2018/09/06-08:16:59.598664 7f2355f72700         Options.access_hint_on_compaction_start: 1
2018/09/06-08:16:59.598666 7f2355f72700  Options.new_table_reader_for_compaction_inputs: 0
2018/09/06-08:16:59.598667 7f2355f72700               Options.compaction_readahead_size: 0
2018/09/06-08:16:59.598668 7f2355f72700           Options.random_access_max_buffer_size: 1048576
2018/09/06-08:16:59.598670 7f2355f72700           Options.writable_file_max_buffer_size: 1048576
2018/09/06-08:16:59.598671 7f2355f72700                      Options.use_adaptive_mutex: 0
2018/09/06-08:16:59.598673 7f2355f72700                            Options.rate_limiter: (nil)
2018/09/06-08:16:59.598674 7f2355f72700     Options.sst_file_manager.rate_bytes_per_sec: 0
2018/09/06-08:16:59.598676 7f2355f72700                          Options.bytes_per_sync: 0
2018/09/06-08:16:59.598677 7f2355f72700                      Options.wal_bytes_per_sync: 0
2018/09/06-08:16:59.598678 7f2355f72700                       Options.wal_recovery_mode: 2
2018/09/06-08:16:59.598694 7f2355f72700                  Options.enable_thread_tracking: 0
2018/09/06-08:16:59.598696 7f2355f72700                  Options.enable_pipelined_write: 0
2018/09/06-08:16:59.598697 7f2355f72700         Options.allow_concurrent_memtable_write: 1
2018/09/06-08:16:59.598699 7f2355f72700      Options.enable_write_thread_adaptive_yield: 1
2018/09/06-08:16:59.598700 7f2355f72700             Options.write_thread_max_yield_usec: 100
2018/09/06-08:16:59.598702 7f2355f72700            Options.write_thread_slow_yield_usec: 3
2018/09/06-08:16:59.598703 7f2355f72700                               Options.row_cache: None
2018/09/06-08:16:59.598704 7f2355f72700                              Options.wal_filter: None
2018/09/06-08:16:59.598706 7f2355f72700             Options.avoid_flush_during_recovery: 0
2018/09/06-08:16:59.598707 7f2355f72700             Options.allow_ingest_behind: 0
2018/09/06-08:16:59.598709 7f2355f72700             Options.concurrent_prepare: 0
2018/09/06-08:16:59.598710 7f2355f72700             Options.manual_wal_flush: 0
2018/09/06-08:16:59.598712 7f2355f72700             Options.max_background_jobs: 2
2018/09/06-08:16:59.598713 7f2355f72700             Options.max_background_compactions: -1
2018/09/06-08:16:59.598714 7f2355f72700             Options.avoid_flush_during_shutdown: 0
2018/09/06-08:16:59.598716 7f2355f72700             Options.delayed_write_rate : 16777216
2018/09/06-08:16:59.598718 7f2355f72700             Options.max_total_wal_size: 0
2018/09/06-08:16:59.598719 7f2355f72700             Options.delete_obsolete_files_period_micros: 21600000000
2018/09/06-08:16:59.598721 7f2355f72700                   Options.stats_dump_period_sec: 600
2018/09/06-08:16:59.598722 7f2355f72700                          Options.max_open_files: -1
2018/09/06-08:16:59.598723 7f2355f72700 Compression algorithms supported:
2018/09/06-08:16:59.598725 7f2355f72700 	Snappy supported: 1
2018/09/06-08:16:59.598726 7f2355f72700 	Zlib supported: 1
2018/09/06-08:16:59.598727 7f2355f72700 	Bzip supported: 1
2018/09/06-08:16:59.598728 7f2355f72700 	LZ4 supported: 1
2018/09/06-08:16:59.598730 7f2355f72700 	ZSTD supported: 1
2018/09/06-08:16:59.598731 7f2355f72700 Fast CRC32 supported: 0
2018/09/06-08:16:59.598824 7f2355f72700 [db/db_impl_open.cc:216] Creating manifest 1 
2018/09/06-08:16:59.772196 7f2355f72700 [db/version_set.cc:2712] Recovering from manifest file: MANIFEST-000001
2018/09/06-08:16:59.772276 7f2355f72700 [db/column_family.cc:413] --------------- Options for column family [default]:
2018/09/06-08:16:59.772280 7f2355f72700               Options.comparator: leveldb.BytewiseComparator
2018/09/06-08:16:59.772282 7f2355f72700           Options.merge_operator: None
2018/09/06-08:16:59.772283 7f2355f72700        Options.compaction_filter: None
2018/09/06-08:16:59.772284 7f2355f72700        Options.compaction_filter_factory: None
2018/09/06-08:16:59.772286 7f2355f72700         Options.memtable_factory: SkipListFactory
2018/09/06-08:16:59.772287 7f2355f72700            Options.table_factory: BlockBasedTable
2018/09/06-08:16:59.772315 7f2355f72700            table_factory options:   flush_block_policy_factory: FlushBlockBySizePolicyFactory (0x7f234c88cf30)
  cache_index_and_filter_blocks: 0
  cache_index_and_filter_blocks_with_high_priority: 0
  pin_l0_filter_and_index_blocks_in_cache: 0
  index_type: 2
  hash_index_allow_collision: 1
  checksum: 1
  no_block_cache: 0
  block_cache: 0x7f234c88cbe8
  block_cache_name: LRUCache
  block_cache_options:
    capacity : 104857600
    num_shard_bits : 6
    strict_capacity_limit : 0
    high_pri_pool_ratio: 0.000
  block_cache_compressed: (nil)
  persistent_cache: (nil)
  block_size: 262144
  block_size_deviation: 10
  block_restart_interval: 16
  index_block_restart_interval: 1
  filter_policy: rocksdb.BuiltinBloomFilter
  whole_key_filtering: 1
  format_version: 0
2018/09/06-08:16:59.772319 7f2355f72700        Options.write_buffer_size: 52428800
2018/09/06-08:16:59.772320 7f2355f72700  Options.max_write_buffer_number: 2
2018/09/06-08:16:59.772342 7f2355f72700          Options.compression: Snappy
2018/09/06-08:16:59.772345 7f2355f72700                  Options.bottommost_compression: Disabled
2018/09/06-08:16:59.772346 7f2355f72700       Options.prefix_extractor: rocksdb.FixedPrefix.4
2018/09/06-08:16:59.772348 7f2355f72700   Options.memtable_insert_with_hint_prefix_extractor: nullptr
2018/09/06-08:16:59.772349 7f2355f72700             Options.num_levels: 7
2018/09/06-08:16:59.772350 7f2355f72700        Options.min_write_buffer_number_to_merge: 1
2018/09/06-08:16:59.772351 7f2355f72700     Options.max_write_buffer_number_to_maintain: 0
2018/09/06-08:16:59.772353 7f2355f72700            Options.compression_opts.window_bits: -14
2018/09/06-08:16:59.772354 7f2355f72700                  Options.compression_opts.level: -1
2018/09/06-08:16:59.772355 7f2355f72700               Options.compression_opts.strategy: 0
2018/09/06-08:16:59.772356 7f2355f72700         Options.compression_opts.max_dict_bytes: 0
2018/09/06-08:16:59.772358 7f2355f72700      Options.level0_file_num_compaction_trigger: 4
2018/09/06-08:16:59.772359 7f2355f72700          Options.level0_slowdown_writes_trigger: 20
2018/09/06-08:16:59.772360 7f2355f72700              Options.level0_stop_writes_trigger: 36
2018/09/06-08:16:59.772361 7f2355f72700                   Options.target_file_size_base: 67108864
2018/09/06-08:16:59.772363 7f2355f72700             Options.target_file_size_multiplier: 1
2018/09/06-08:16:59.772364 7f2355f72700                Options.max_bytes_for_level_base: 268435456
2018/09/06-08:16:59.772365 7f2355f72700 Options.level_compaction_dynamic_level_bytes: 0
2018/09/06-08:16:59.772366 7f2355f72700          Options.max_bytes_for_level_multiplier: 10.000000
2018/09/06-08:16:59.772370 7f2355f72700 Options.max_bytes_for_level_multiplier_addtl[0]: 1
2018/09/06-08:16:59.772371 7f2355f72700 Options.max_bytes_for_level_multiplier_addtl[1]: 1
2018/09/06-08:16:59.772372 7f2355f72700 Options.max_bytes_for_level_multiplier_addtl[2]: 1
2018/09/06-08:16:59.772373 7f2355f72700 Options.max_bytes_for_level_multiplier_addtl[3]: 1
2018/09/06-08:16:59.772375 7f2355f72700 Options.max_bytes_for_level_multiplier_addtl[4]: 1
2018/09/06-08:16:59.772376 7f2355f72700 Options.max_bytes_for_level_multiplier_addtl[5]: 1
2018/09/06-08:16:59.772377 7f2355f72700 Options.max_bytes_for_level_multiplier_addtl[6]: 1
2018/09/06-08:16:59.772378 7f2355f72700       Options.max_sequential_skip_in_iterations: 8
2018/09/06-08:16:59.772380 7f2355f72700                    Options.max_compaction_bytes: 1677721600
2018/09/06-08:16:59.772381 7f2355f72700                        Options.arena_block_size: 6553600
2018/09/06-08:16:59.772382 7f2355f72700   Options.soft_pending_compaction_bytes_limit: 68719476736
2018/09/06-08:16:59.772384 7f2355f72700   Options.hard_pending_compaction_bytes_limit: 274877906944
2018/09/06-08:16:59.772385 7f2355f72700       Options.rate_limit_delay_max_milliseconds: 100
2018/09/06-08:16:59.772386 7f2355f72700                Options.disable_auto_compactions: 0
2018/09/06-08:16:59.772388 7f2355f72700                        Options.compaction_style: kCompactionStyleLevel
2018/09/06-08:16:59.772389 7f2355f72700                          Options.compaction_pri: kByCompensatedSize
2018/09/06-08:16:59.772390 7f2355f72700 Options.compaction_options_universal.size_ratio: 1
2018/09/06-08:16:59.772392 7f2355f72700 Options.compaction_options_universal.min_merge_width: 2
2018/09/06-08:16:59.772393 7f2355f72700 Options.compaction_options_universal.max_merge_width: 4294967295
2018/09/06-08:16:59.772394 7f2355f72700 Options.compaction_options_universal.max_size_amplification_percent: 200
2018/09/06-08:16:59.772395 7f2355f72700 Options.compaction_options_universal.compression_size_percent: -1
2018/09/06-08:16:59.772397 7f2355f72700 Options.compaction_options_universal.stop_style: kCompactionStopStyleTotalSize
2018/09/06-08:16:59.772398 7f2355f72700 Options.compaction_options_fifo.max_table_files_size: 1073741824
2018/09/06-08:16:59.772400 7f2355f72700 Options.compaction_options_fifo.allow_compaction: 0
2018/09/06-08:16:59.772411 7f2355f72700 Options.compaction_options_fifo.ttl: 0
2018/09/06-08:16:59.772413 7f2355f72700                   Options.table_properties_collectors: 
2018/09/06-08:16:59.772414 7f2355f72700                   Options.inplace_update_support: 0
2018/09/06-08:16:59.772415 7f2355f72700                 Options.inplace_update_num_locks: 10000
2018/09/06-08:16:59.772417 7f2355f72700               Options.memtable_prefix_bloom_size_ratio: 0.000000
2018/09/06-08:16:59.772419 7f2355f72700   Options.memtable_huge_page_size: 0
2018/09/06-08:16:59.772420 7f2355f72700                           Options.bloom_locality: 0
2018/09/06-08:16:59.772421 7f2355f72700                    Options.max_successive_merges: 0
2018/09/06-08:16:59.772422 7f2355f72700                Options.optimize_filters_for_hits: 0
2018/09/06-08:16:59.772423 7f2355f72700                Options.paranoid_file_checks: 0
2018/09/06-08:16:59.772425 7f2355f72700                Options.force_consistency_checks: 0
2018/09/06-08:16:59.772426 7f2355f72700                Options.report_bg_io_stats: 0
2018/09/06-08:16:59.773096 7f2355f72700 [db/version_set.cc:2969] Recovered from manifest file:testDispose//tmp/rdbfactorytest250/MANIFEST-000001 succeeded,manifest_file_number is 1, next_file_number is 3, last_sequence is 0, log_number is 0,prev_log_number is 0,max_column_family is 0
2018/09/06-08:16:59.773102 7f2355f72700 [db/version_set.cc:2977] Column family [default] (ID 0), log number is 0
2018/09/06-08:16:59.897593 7f2355f72700 [db/db_impl_open.cc:1111] DB pointer 0x7f234d37daf0
2018/09/06-08:17:50.587020 7f2324e85700 [db/db_impl.cc:222] Shutdown: canceling all background work
2018/09/06-08:17:50.587137 7f2324e85700 [db/db_impl.cc:348] Shutdown complete
