2018/09/06-08:16:59.247906 7f2355f72700 RocksDB version: 5.7.3
2018/09/06-08:16:59.247957 7f2355f72700 Git sha rocksdb_build_git_sha:
2018/09/06-08:16:59.247962 7f2355f72700 Compile date Sep  1 2017
2018/09/06-08:16:59.247964 7f2355f72700 DB SUMMARY
2018/09/06-08:16:59.248005 7f2355f72700 SST files in testDispose//tmp/rdbfactorytest249 dir, Total Num: 0, files: 
2018/09/06-08:16:59.248010 7f2355f72700 Write Ahead Log file in testDispose//tmp/rdbfactorytest249: 
2018/09/06-08:16:59.248014 7f2355f72700                         Options.error_if_exists: 0
2018/09/06-08:16:59.248016 7f2355f72700                       Options.create_if_missing: 1
2018/09/06-08:16:59.248018 7f2355f72700                         Options.paranoid_checks: 1
2018/09/06-08:16:59.248020 7f2355f72700                                     Options.env: 0x7f2325b15880
2018/09/06-08:16:59.248022 7f2355f72700                                Options.info_log: 0x7f234d365070
2018/09/06-08:16:59.248024 7f2355f72700                Options.max_file_opening_threads: 16
2018/09/06-08:16:59.248026 7f2355f72700                               Options.use_fsync: 0
2018/09/06-08:16:59.248028 7f2355f72700                       Options.max_log_file_size: 0
2018/09/06-08:16:59.248030 7f2355f72700                  Options.max_manifest_file_size: 18446744073709551615
2018/09/06-08:16:59.248032 7f2355f72700                   Options.log_file_time_to_roll: 0
2018/09/06-08:16:59.248034 7f2355f72700                       Options.keep_log_file_num: 1000
2018/09/06-08:16:59.248036 7f2355f72700                    Options.recycle_log_file_num: 0
2018/09/06-08:16:59.248038 7f2355f72700                         Options.allow_fallocate: 1
2018/09/06-08:16:59.248040 7f2355f72700                        Options.allow_mmap_reads: 0
2018/09/06-08:16:59.248042 7f2355f72700                       Options.allow_mmap_writes: 0
2018/09/06-08:16:59.248044 7f2355f72700                        Options.use_direct_reads: 0
2018/09/06-08:16:59.248046 7f2355f72700                        Options.use_direct_io_for_flush_and_compaction: 0
2018/09/06-08:16:59.248048 7f2355f72700          Options.create_missing_column_families: 0
2018/09/06-08:16:59.248050 7f2355f72700                              Options.db_log_dir: 
2018/09/06-08:16:59.248052 7f2355f72700                                 Options.wal_dir: testDispose//tmp/rdbfactorytest249
2018/09/06-08:16:59.248054 7f2355f72700                Options.table_cache_numshardbits: 6
2018/09/06-08:16:59.248056 7f2355f72700                      Options.max_subcompactions: 1
2018/09/06-08:16:59.248059 7f2355f72700                  Options.max_background_flushes: -1
2018/09/06-08:16:59.248061 7f2355f72700                         Options.WAL_ttl_seconds: 0
2018/09/06-08:16:59.248063 7f2355f72700                       Options.WAL_size_limit_MB: 0
2018/09/06-08:16:59.248065 7f2355f72700             Options.manifest_preallocation_size: 4194304
2018/09/06-08:16:59.248066 7f2355f72700                     Options.is_fd_close_on_exec: 1
2018/09/06-08:16:59.248068 7f2355f72700                   Options.advise_random_on_open: 1
2018/09/06-08:16:59.248070 7f2355f72700                    Options.db_write_buffer_size: 0
2018/09/06-08:16:59.248072 7f2355f72700         Options.access_hint_on_compaction_start: 1
2018/09/06-08:16:59.248074 7f2355f72700  Options.new_table_reader_for_compaction_inputs: 0
2018/09/06-08:16:59.248076 7f2355f72700               Options.compaction_readahead_size: 0
2018/09/06-08:16:59.248078 7f2355f72700           Options.random_access_max_buffer_size: 1048576
2018/09/06-08:16:59.248080 7f2355f72700           Options.writable_file_max_buffer_size: 1048576
2018/09/06-08:16:59.248082 7f2355f72700                      Options.use_adaptive_mutex: 0
2018/09/06-08:16:59.248084 7f2355f72700                            Options.rate_limiter: (nil)
2018/09/06-08:16:59.248087 7f2355f72700     Options.sst_file_manager.rate_bytes_per_sec: 0
2018/09/06-08:16:59.248089 7f2355f72700                          Options.bytes_per_sync: 0
2018/09/06-08:16:59.248091 7f2355f72700                      Options.wal_bytes_per_sync: 0
2018/09/06-08:16:59.248093 7f2355f72700                       Options.wal_recovery_mode: 2
2018/09/06-08:16:59.248115 7f2355f72700                  Options.enable_thread_tracking: 0
2018/09/06-08:16:59.248119 7f2355f72700                  Options.enable_pipelined_write: 0
2018/09/06-08:16:59.248121 7f2355f72700         Options.allow_concurrent_memtable_write: 1
2018/09/06-08:16:59.248123 7f2355f72700      Options.enable_write_thread_adaptive_yield: 1
2018/09/06-08:16:59.248124 7f2355f72700             Options.write_thread_max_yield_usec: 100
2018/09/06-08:16:59.248126 7f2355f72700            Options.write_thread_slow_yield_usec: 3
2018/09/06-08:16:59.248128 7f2355f72700                               Options.row_cache: None
2018/09/06-08:16:59.248130 7f2355f72700                              Options.wal_filter: None
2018/09/06-08:16:59.248131 7f2355f72700             Options.avoid_flush_during_recovery: 0
2018/09/06-08:16:59.248133 7f2355f72700             Options.allow_ingest_behind: 0
2018/09/06-08:16:59.248135 7f2355f72700             Options.concurrent_prepare: 0
2018/09/06-08:16:59.248136 7f2355f72700             Options.manual_wal_flush: 0
2018/09/06-08:16:59.248139 7f2355f72700             Options.max_background_jobs: 2
2018/09/06-08:16:59.248140 7f2355f72700             Options.max_background_compactions: -1
2018/09/06-08:16:59.248142 7f2355f72700             Options.avoid_flush_during_shutdown: 0
2018/09/06-08:16:59.248144 7f2355f72700             Options.delayed_write_rate : 16777216
2018/09/06-08:16:59.248147 7f2355f72700             Options.max_total_wal_size: 0
2018/09/06-08:16:59.248149 7f2355f72700             Options.delete_obsolete_files_period_micros: 21600000000
2018/09/06-08:16:59.248151 7f2355f72700                   Options.stats_dump_period_sec: 600
2018/09/06-08:16:59.248152 7f2355f72700                          Options.max_open_files: -1
2018/09/06-08:16:59.248154 7f2355f72700 Compression algorithms supported:
2018/09/06-08:16:59.248156 7f2355f72700 	Snappy supported: 1
2018/09/06-08:16:59.248158 7f2355f72700 	Zlib supported: 1
2018/09/06-08:16:59.248159 7f2355f72700 	Bzip supported: 1
2018/09/06-08:16:59.248161 7f2355f72700 	LZ4 supported: 1
2018/09/06-08:16:59.248163 7f2355f72700 	ZSTD supported: 1
2018/09/06-08:16:59.248165 7f2355f72700 Fast CRC32 supported: 0
2018/09/06-08:16:59.248277 7f2355f72700 [db/db_impl_open.cc:216] Creating manifest 1 
2018/09/06-08:16:59.472235 7f2355f72700 [db/version_set.cc:2712] Recovering from manifest file: MANIFEST-000001
2018/09/06-08:16:59.472301 7f2355f72700 [db/column_family.cc:413] --------------- Options for column family [default]:
2018/09/06-08:16:59.472305 7f2355f72700               Options.comparator: leveldb.BytewiseComparator
2018/09/06-08:16:59.472307 7f2355f72700           Options.merge_operator: None
2018/09/06-08:16:59.472308 7f2355f72700        Options.compaction_filter: None
2018/09/06-08:16:59.472309 7f2355f72700        Options.compaction_filter_factory: None
2018/09/06-08:16:59.472311 7f2355f72700         Options.memtable_factory: SkipListFactory
2018/09/06-08:16:59.472313 7f2355f72700            Options.table_factory: BlockBasedTable
2018/09/06-08:16:59.472343 7f2355f72700            table_factory options:   flush_block_policy_factory: FlushBlockBySizePolicyFactory (0x7f234c88cf30)
  cache_index_and_filter_blocks: 0
  cache_index_and_filter_blocks_with_high_priority: 0
  pin_l0_filter_and_index_blocks_in_cache: 0
  index_type: 2
  hash_index_allow_collision: 1
  checksum: 1
  no_block_cache: 0
  block_cache: 0x7f234c88cbe8
  block_cache_name: LRUCache
  block_cache_options:
    capacity : 104857600
    num_shard_bits : 6
    strict_capacity_limit : 0
    high_pri_pool_ratio: 0.000
  block_cache_compressed: (nil)
  persistent_cache: (nil)
  block_size: 262144
  block_size_deviation: 10
  block_restart_interval: 16
  index_block_restart_interval: 1
  filter_policy: rocksdb.BuiltinBloomFilter
  whole_key_filtering: 1
  format_version: 0
2018/09/06-08:16:59.472347 7f2355f72700        Options.write_buffer_size: 52428800
2018/09/06-08:16:59.472348 7f2355f72700  Options.max_write_buffer_number: 2
2018/09/06-08:16:59.472379 7f2355f72700          Options.compression: Snappy
2018/09/06-08:16:59.472381 7f2355f72700                  Options.bottommost_compression: Disabled
2018/09/06-08:16:59.472383 7f2355f72700       Options.prefix_extractor: rocksdb.FixedPrefix.4
2018/09/06-08:16:59.472385 7f2355f72700   Options.memtable_insert_with_hint_prefix_extractor: nullptr
2018/09/06-08:16:59.472386 7f2355f72700             Options.num_levels: 7
2018/09/06-08:16:59.472387 7f2355f72700        Options.min_write_buffer_number_to_merge: 1
2018/09/06-08:16:59.472389 7f2355f72700     Options.max_write_buffer_number_to_maintain: 0
2018/09/06-08:16:59.472390 7f2355f72700            Options.compression_opts.window_bits: -14
2018/09/06-08:16:59.472391 7f2355f72700                  Options.compression_opts.level: -1
2018/09/06-08:16:59.472393 7f2355f72700               Options.compression_opts.strategy: 0
2018/09/06-08:16:59.472394 7f2355f72700         Options.compression_opts.max_dict_bytes: 0
2018/09/06-08:16:59.472396 7f2355f72700      Options.level0_file_num_compaction_trigger: 4
2018/09/06-08:16:59.472397 7f2355f72700          Options.level0_slowdown_writes_trigger: 20
2018/09/06-08:16:59.472398 7f2355f72700              Options.level0_stop_writes_trigger: 36
2018/09/06-08:16:59.472400 7f2355f72700                   Options.target_file_size_base: 67108864
2018/09/06-08:16:59.472401 7f2355f72700             Options.target_file_size_multiplier: 1
2018/09/06-08:16:59.472402 7f2355f72700                Options.max_bytes_for_level_base: 268435456
2018/09/06-08:16:59.472404 7f2355f72700 Options.level_compaction_dynamic_level_bytes: 0
2018/09/06-08:16:59.472405 7f2355f72700          Options.max_bytes_for_level_multiplier: 10.000000
2018/09/06-08:16:59.472409 7f2355f72700 Options.max_bytes_for_level_multiplier_addtl[0]: 1
2018/09/06-08:16:59.472410 7f2355f72700 Options.max_bytes_for_level_multiplier_addtl[1]: 1
2018/09/06-08:16:59.472412 7f2355f72700 Options.max_bytes_for_level_multiplier_addtl[2]: 1
2018/09/06-08:16:59.472413 7f2355f72700 Options.max_bytes_for_level_multiplier_addtl[3]: 1
2018/09/06-08:16:59.472414 7f2355f72700 Options.max_bytes_for_level_multiplier_addtl[4]: 1
2018/09/06-08:16:59.472416 7f2355f72700 Options.max_bytes_for_level_multiplier_addtl[5]: 1
2018/09/06-08:16:59.472417 7f2355f72700 Options.max_bytes_for_level_multiplier_addtl[6]: 1
2018/09/06-08:16:59.472418 7f2355f72700       Options.max_sequential_skip_in_iterations: 8
2018/09/06-08:16:59.472420 7f2355f72700                    Options.max_compaction_bytes: 1677721600
2018/09/06-08:16:59.472421 7f2355f72700                        Options.arena_block_size: 6553600
2018/09/06-08:16:59.472422 7f2355f72700   Options.soft_pending_compaction_bytes_limit: 68719476736
2018/09/06-08:16:59.472424 7f2355f72700   Options.hard_pending_compaction_bytes_limit: 274877906944
2018/09/06-08:16:59.472425 7f2355f72700       Options.rate_limit_delay_max_milliseconds: 100
2018/09/06-08:16:59.472427 7f2355f72700                Options.disable_auto_compactions: 0
2018/09/06-08:16:59.472429 7f2355f72700                        Options.compaction_style: kCompactionStyleLevel
2018/09/06-08:16:59.472430 7f2355f72700                          Options.compaction_pri: kByCompensatedSize
2018/09/06-08:16:59.472432 7f2355f72700 Options.compaction_options_universal.size_ratio: 1
2018/09/06-08:16:59.472433 7f2355f72700 Options.compaction_options_universal.min_merge_width: 2
2018/09/06-08:16:59.472434 7f2355f72700 Options.compaction_options_universal.max_merge_width: 4294967295
2018/09/06-08:16:59.472436 7f2355f72700 Options.compaction_options_universal.max_size_amplification_percent: 200
2018/09/06-08:16:59.472437 7f2355f72700 Options.compaction_options_universal.compression_size_percent: -1
2018/09/06-08:16:59.472439 7f2355f72700 Options.compaction_options_universal.stop_style: kCompactionStopStyleTotalSize
2018/09/06-08:16:59.472440 7f2355f72700 Options.compaction_options_fifo.max_table_files_size: 1073741824
2018/09/06-08:16:59.472441 7f2355f72700 Options.compaction_options_fifo.allow_compaction: 0
2018/09/06-08:16:59.472455 7f2355f72700 Options.compaction_options_fifo.ttl: 0
2018/09/06-08:16:59.472457 7f2355f72700                   Options.table_properties_collectors: 
2018/09/06-08:16:59.472458 7f2355f72700                   Options.inplace_update_support: 0
2018/09/06-08:16:59.472460 7f2355f72700                 Options.inplace_update_num_locks: 10000
2018/09/06-08:16:59.472461 7f2355f72700               Options.memtable_prefix_bloom_size_ratio: 0.000000
2018/09/06-08:16:59.472463 7f2355f72700   Options.memtable_huge_page_size: 0
2018/09/06-08:16:59.472464 7f2355f72700                           Options.bloom_locality: 0
2018/09/06-08:16:59.472466 7f2355f72700                    Options.max_successive_merges: 0
2018/09/06-08:16:59.472467 7f2355f72700                Options.optimize_filters_for_hits: 0
2018/09/06-08:16:59.472468 7f2355f72700                Options.paranoid_file_checks: 0
2018/09/06-08:16:59.472470 7f2355f72700                Options.force_consistency_checks: 0
2018/09/06-08:16:59.472471 7f2355f72700                Options.report_bg_io_stats: 0
2018/09/06-08:16:59.473146 7f2355f72700 [db/version_set.cc:2969] Recovered from manifest file:testDispose//tmp/rdbfactorytest249/MANIFEST-000001 succeeded,manifest_file_number is 1, next_file_number is 3, last_sequence is 0, log_number is 0,prev_log_number is 0,max_column_family is 0
2018/09/06-08:16:59.473151 7f2355f72700 [db/version_set.cc:2977] Column family [default] (ID 0), log number is 0
2018/09/06-08:16:59.597682 7f2355f72700 [db/db_impl_open.cc:1111] DB pointer 0x7f234d33e9d0
2018/09/06-08:17:50.581174 7f2324e85700 [db/db_impl.cc:222] Shutdown: canceling all background work
2018/09/06-08:17:50.581390 7f2324e85700 [db/db_impl.cc:348] Shutdown complete
