2018/09/11-10:46:25.933742 7fcf02fb6700 RocksDB version: 5.7.3
2018/09/11-10:46:25.933783 7fcf02fb6700 Git sha rocksdb_build_git_sha:
2018/09/11-10:46:25.933787 7fcf02fb6700 Compile date Sep  1 2017
2018/09/11-10:46:25.933789 7fcf02fb6700 DB SUMMARY
2018/09/11-10:46:25.933823 7fcf02fb6700 SST files in testDispose//tmp/rdbfactorytest249 dir, Total Num: 0, files: 
2018/09/11-10:46:25.933828 7fcf02fb6700 Write Ahead Log file in testDispose//tmp/rdbfactorytest249: 
2018/09/11-10:46:25.933831 7fcf02fb6700                         Options.error_if_exists: 0
2018/09/11-10:46:25.933833 7fcf02fb6700                       Options.create_if_missing: 1
2018/09/11-10:46:25.933835 7fcf02fb6700                         Options.paranoid_checks: 1
2018/09/11-10:46:25.933837 7fcf02fb6700                                     Options.env: 0x7fceceb59880
2018/09/11-10:46:25.933839 7fcf02fb6700                                Options.info_log: 0x7fcefd32a430
2018/09/11-10:46:25.933841 7fcf02fb6700                Options.max_file_opening_threads: 16
2018/09/11-10:46:25.933843 7fcf02fb6700                               Options.use_fsync: 0
2018/09/11-10:46:25.933845 7fcf02fb6700                       Options.max_log_file_size: 0
2018/09/11-10:46:25.933847 7fcf02fb6700                  Options.max_manifest_file_size: 18446744073709551615
2018/09/11-10:46:25.933849 7fcf02fb6700                   Options.log_file_time_to_roll: 0
2018/09/11-10:46:25.933851 7fcf02fb6700                       Options.keep_log_file_num: 1000
2018/09/11-10:46:25.933853 7fcf02fb6700                    Options.recycle_log_file_num: 0
2018/09/11-10:46:25.933855 7fcf02fb6700                         Options.allow_fallocate: 1
2018/09/11-10:46:25.933856 7fcf02fb6700                        Options.allow_mmap_reads: 0
2018/09/11-10:46:25.933858 7fcf02fb6700                       Options.allow_mmap_writes: 0
2018/09/11-10:46:25.933860 7fcf02fb6700                        Options.use_direct_reads: 0
2018/09/11-10:46:25.933862 7fcf02fb6700                        Options.use_direct_io_for_flush_and_compaction: 0
2018/09/11-10:46:25.933864 7fcf02fb6700          Options.create_missing_column_families: 0
2018/09/11-10:46:25.933866 7fcf02fb6700                              Options.db_log_dir: 
2018/09/11-10:46:25.933867 7fcf02fb6700                                 Options.wal_dir: testDispose//tmp/rdbfactorytest249
2018/09/11-10:46:25.933869 7fcf02fb6700                Options.table_cache_numshardbits: 6
2018/09/11-10:46:25.933871 7fcf02fb6700                      Options.max_subcompactions: 1
2018/09/11-10:46:25.933873 7fcf02fb6700                  Options.max_background_flushes: -1
2018/09/11-10:46:25.933875 7fcf02fb6700                         Options.WAL_ttl_seconds: 0
2018/09/11-10:46:25.933876 7fcf02fb6700                       Options.WAL_size_limit_MB: 0
2018/09/11-10:46:25.933878 7fcf02fb6700             Options.manifest_preallocation_size: 4194304
2018/09/11-10:46:25.933880 7fcf02fb6700                     Options.is_fd_close_on_exec: 1
2018/09/11-10:46:25.933882 7fcf02fb6700                   Options.advise_random_on_open: 1
2018/09/11-10:46:25.933884 7fcf02fb6700                    Options.db_write_buffer_size: 0
2018/09/11-10:46:25.933886 7fcf02fb6700         Options.access_hint_on_compaction_start: 1
2018/09/11-10:46:25.933888 7fcf02fb6700  Options.new_table_reader_for_compaction_inputs: 0
2018/09/11-10:46:25.933890 7fcf02fb6700               Options.compaction_readahead_size: 0
2018/09/11-10:46:25.933892 7fcf02fb6700           Options.random_access_max_buffer_size: 1048576
2018/09/11-10:46:25.933894 7fcf02fb6700           Options.writable_file_max_buffer_size: 1048576
2018/09/11-10:46:25.933895 7fcf02fb6700                      Options.use_adaptive_mutex: 0
2018/09/11-10:46:25.933897 7fcf02fb6700                            Options.rate_limiter: (nil)
2018/09/11-10:46:25.933900 7fcf02fb6700     Options.sst_file_manager.rate_bytes_per_sec: 0
2018/09/11-10:46:25.933902 7fcf02fb6700                          Options.bytes_per_sync: 0
2018/09/11-10:46:25.933904 7fcf02fb6700                      Options.wal_bytes_per_sync: 0
2018/09/11-10:46:25.933905 7fcf02fb6700                       Options.wal_recovery_mode: 2
2018/09/11-10:46:25.933924 7fcf02fb6700                  Options.enable_thread_tracking: 0
2018/09/11-10:46:25.933927 7fcf02fb6700                  Options.enable_pipelined_write: 0
2018/09/11-10:46:25.933929 7fcf02fb6700         Options.allow_concurrent_memtable_write: 1
2018/09/11-10:46:25.933931 7fcf02fb6700      Options.enable_write_thread_adaptive_yield: 1
2018/09/11-10:46:25.933933 7fcf02fb6700             Options.write_thread_max_yield_usec: 100
2018/09/11-10:46:25.933935 7fcf02fb6700            Options.write_thread_slow_yield_usec: 3
2018/09/11-10:46:25.933937 7fcf02fb6700                               Options.row_cache: None
2018/09/11-10:46:25.933939 7fcf02fb6700                              Options.wal_filter: None
2018/09/11-10:46:25.933941 7fcf02fb6700             Options.avoid_flush_during_recovery: 0
2018/09/11-10:46:25.933942 7fcf02fb6700             Options.allow_ingest_behind: 0
2018/09/11-10:46:25.933944 7fcf02fb6700             Options.concurrent_prepare: 0
2018/09/11-10:46:25.933946 7fcf02fb6700             Options.manual_wal_flush: 0
2018/09/11-10:46:25.933948 7fcf02fb6700             Options.max_background_jobs: 2
2018/09/11-10:46:25.933950 7fcf02fb6700             Options.max_background_compactions: -1
2018/09/11-10:46:25.933952 7fcf02fb6700             Options.avoid_flush_during_shutdown: 0
2018/09/11-10:46:25.933954 7fcf02fb6700             Options.delayed_write_rate : 16777216
2018/09/11-10:46:25.933956 7fcf02fb6700             Options.max_total_wal_size: 0
2018/09/11-10:46:25.933958 7fcf02fb6700             Options.delete_obsolete_files_period_micros: 21600000000
2018/09/11-10:46:25.933960 7fcf02fb6700                   Options.stats_dump_period_sec: 600
2018/09/11-10:46:25.933961 7fcf02fb6700                          Options.max_open_files: -1
2018/09/11-10:46:25.933963 7fcf02fb6700 Compression algorithms supported:
2018/09/11-10:46:25.933965 7fcf02fb6700 	Snappy supported: 1
2018/09/11-10:46:25.933967 7fcf02fb6700 	Zlib supported: 1
2018/09/11-10:46:25.933969 7fcf02fb6700 	Bzip supported: 1
2018/09/11-10:46:25.933970 7fcf02fb6700 	LZ4 supported: 1
2018/09/11-10:46:25.933972 7fcf02fb6700 	ZSTD supported: 1
2018/09/11-10:46:25.933974 7fcf02fb6700 Fast CRC32 supported: 0
2018/09/11-10:46:25.934076 7fcf02fb6700 [db/db_impl_open.cc:216] Creating manifest 1 
2018/09/11-10:46:26.165996 7fcf02fb6700 [db/version_set.cc:2712] Recovering from manifest file: MANIFEST-000001
2018/09/11-10:46:26.166070 7fcf02fb6700 [db/column_family.cc:413] --------------- Options for column family [default]:
2018/09/11-10:46:26.166075 7fcf02fb6700               Options.comparator: leveldb.BytewiseComparator
2018/09/11-10:46:26.166078 7fcf02fb6700           Options.merge_operator: None
2018/09/11-10:46:26.166080 7fcf02fb6700        Options.compaction_filter: None
2018/09/11-10:46:26.166082 7fcf02fb6700        Options.compaction_filter_factory: None
2018/09/11-10:46:26.166084 7fcf02fb6700         Options.memtable_factory: SkipListFactory
2018/09/11-10:46:26.166087 7fcf02fb6700            Options.table_factory: BlockBasedTable
2018/09/11-10:46:26.166127 7fcf02fb6700            table_factory options:   flush_block_policy_factory: FlushBlockBySizePolicyFactory (0x7fcefc860ad0)
  cache_index_and_filter_blocks: 0
  cache_index_and_filter_blocks_with_high_priority: 0
  pin_l0_filter_and_index_blocks_in_cache: 0
  index_type: 2
  hash_index_allow_collision: 1
  checksum: 1
  no_block_cache: 0
  block_cache: 0x7fcefc82c458
  block_cache_name: LRUCache
  block_cache_options:
    capacity : 104857600
    num_shard_bits : 6
    strict_capacity_limit : 0
    high_pri_pool_ratio: 0.000
  block_cache_compressed: (nil)
  persistent_cache: (nil)
  block_size: 262144
  block_size_deviation: 10
  block_restart_interval: 16
  index_block_restart_interval: 1
  filter_policy: rocksdb.BuiltinBloomFilter
  whole_key_filtering: 1
  format_version: 0
2018/09/11-10:46:26.166133 7fcf02fb6700        Options.write_buffer_size: 52428800
2018/09/11-10:46:26.166135 7fcf02fb6700  Options.max_write_buffer_number: 2
2018/09/11-10:46:26.166166 7fcf02fb6700          Options.compression: Snappy
2018/09/11-10:46:26.166170 7fcf02fb6700                  Options.bottommost_compression: Disabled
2018/09/11-10:46:26.166173 7fcf02fb6700       Options.prefix_extractor: rocksdb.FixedPrefix.4
2018/09/11-10:46:26.166175 7fcf02fb6700   Options.memtable_insert_with_hint_prefix_extractor: nullptr
2018/09/11-10:46:26.166177 7fcf02fb6700             Options.num_levels: 7
2018/09/11-10:46:26.166179 7fcf02fb6700        Options.min_write_buffer_number_to_merge: 1
2018/09/11-10:46:26.166182 7fcf02fb6700     Options.max_write_buffer_number_to_maintain: 0
2018/09/11-10:46:26.166184 7fcf02fb6700            Options.compression_opts.window_bits: -14
2018/09/11-10:46:26.166186 7fcf02fb6700                  Options.compression_opts.level: -1
2018/09/11-10:46:26.166188 7fcf02fb6700               Options.compression_opts.strategy: 0
2018/09/11-10:46:26.166190 7fcf02fb6700         Options.compression_opts.max_dict_bytes: 0
2018/09/11-10:46:26.166192 7fcf02fb6700      Options.level0_file_num_compaction_trigger: 4
2018/09/11-10:46:26.166194 7fcf02fb6700          Options.level0_slowdown_writes_trigger: 20
2018/09/11-10:46:26.166196 7fcf02fb6700              Options.level0_stop_writes_trigger: 36
2018/09/11-10:46:26.166198 7fcf02fb6700                   Options.target_file_size_base: 67108864
2018/09/11-10:46:26.166200 7fcf02fb6700             Options.target_file_size_multiplier: 1
2018/09/11-10:46:26.166202 7fcf02fb6700                Options.max_bytes_for_level_base: 268435456
2018/09/11-10:46:26.166233 7fcf02fb6700 Options.level_compaction_dynamic_level_bytes: 0
2018/09/11-10:46:26.166236 7fcf02fb6700          Options.max_bytes_for_level_multiplier: 10.000000
2018/09/11-10:46:26.166241 7fcf02fb6700 Options.max_bytes_for_level_multiplier_addtl[0]: 1
2018/09/11-10:46:26.166243 7fcf02fb6700 Options.max_bytes_for_level_multiplier_addtl[1]: 1
2018/09/11-10:46:26.166245 7fcf02fb6700 Options.max_bytes_for_level_multiplier_addtl[2]: 1
2018/09/11-10:46:26.166247 7fcf02fb6700 Options.max_bytes_for_level_multiplier_addtl[3]: 1
2018/09/11-10:46:26.166249 7fcf02fb6700 Options.max_bytes_for_level_multiplier_addtl[4]: 1
2018/09/11-10:46:26.166251 7fcf02fb6700 Options.max_bytes_for_level_multiplier_addtl[5]: 1
2018/09/11-10:46:26.166253 7fcf02fb6700 Options.max_bytes_for_level_multiplier_addtl[6]: 1
2018/09/11-10:46:26.166256 7fcf02fb6700       Options.max_sequential_skip_in_iterations: 8
2018/09/11-10:46:26.166258 7fcf02fb6700                    Options.max_compaction_bytes: 1677721600
2018/09/11-10:46:26.166260 7fcf02fb6700                        Options.arena_block_size: 6553600
2018/09/11-10:46:26.166262 7fcf02fb6700   Options.soft_pending_compaction_bytes_limit: 68719476736
2018/09/11-10:46:26.166265 7fcf02fb6700   Options.hard_pending_compaction_bytes_limit: 274877906944
2018/09/11-10:46:26.166267 7fcf02fb6700       Options.rate_limit_delay_max_milliseconds: 100
2018/09/11-10:46:26.166269 7fcf02fb6700                Options.disable_auto_compactions: 0
2018/09/11-10:46:26.166272 7fcf02fb6700                        Options.compaction_style: kCompactionStyleLevel
2018/09/11-10:46:26.166274 7fcf02fb6700                          Options.compaction_pri: kByCompensatedSize
2018/09/11-10:46:26.166276 7fcf02fb6700 Options.compaction_options_universal.size_ratio: 1
2018/09/11-10:46:26.166278 7fcf02fb6700 Options.compaction_options_universal.min_merge_width: 2
2018/09/11-10:46:26.166280 7fcf02fb6700 Options.compaction_options_universal.max_merge_width: 4294967295
2018/09/11-10:46:26.166283 7fcf02fb6700 Options.compaction_options_universal.max_size_amplification_percent: 200
2018/09/11-10:46:26.166285 7fcf02fb6700 Options.compaction_options_universal.compression_size_percent: -1
2018/09/11-10:46:26.166287 7fcf02fb6700 Options.compaction_options_universal.stop_style: kCompactionStopStyleTotalSize
2018/09/11-10:46:26.166289 7fcf02fb6700 Options.compaction_options_fifo.max_table_files_size: 1073741824
2018/09/11-10:46:26.166291 7fcf02fb6700 Options.compaction_options_fifo.allow_compaction: 0
2018/09/11-10:46:26.166311 7fcf02fb6700 Options.compaction_options_fifo.ttl: 0
2018/09/11-10:46:26.166315 7fcf02fb6700                   Options.table_properties_collectors: 
2018/09/11-10:46:26.166317 7fcf02fb6700                   Options.inplace_update_support: 0
2018/09/11-10:46:26.166319 7fcf02fb6700                 Options.inplace_update_num_locks: 10000
2018/09/11-10:46:26.166321 7fcf02fb6700               Options.memtable_prefix_bloom_size_ratio: 0.000000
2018/09/11-10:46:26.166324 7fcf02fb6700   Options.memtable_huge_page_size: 0
2018/09/11-10:46:26.166326 7fcf02fb6700                           Options.bloom_locality: 0
2018/09/11-10:46:26.166327 7fcf02fb6700                    Options.max_successive_merges: 0
2018/09/11-10:46:26.166329 7fcf02fb6700                Options.optimize_filters_for_hits: 0
2018/09/11-10:46:26.166331 7fcf02fb6700                Options.paranoid_file_checks: 0
2018/09/11-10:46:26.166333 7fcf02fb6700                Options.force_consistency_checks: 0
2018/09/11-10:46:26.166335 7fcf02fb6700                Options.report_bg_io_stats: 0
2018/09/11-10:46:26.167202 7fcf02fb6700 [db/version_set.cc:2969] Recovered from manifest file:testDispose//tmp/rdbfactorytest249/MANIFEST-000001 succeeded,manifest_file_number is 1, next_file_number is 3, last_sequence is 0, log_number is 0,prev_log_number is 0,max_column_family is 0
2018/09/11-10:46:26.167219 7fcf02fb6700 [db/version_set.cc:2977] Column family [default] (ID 0), log number is 0
2018/09/11-10:46:26.349863 7fcf02fb6700 [db/db_impl_open.cc:1111] DB pointer 0x7fcefd351a80
2018/09/11-10:47:21.098560 7fcecdec9700 [db/db_impl.cc:222] Shutdown: canceling all background work
2018/09/11-10:47:21.098688 7fcecdec9700 [db/db_impl.cc:348] Shutdown complete
