2018/09/24-06:36:33.849758 7f5a32fe6700 RocksDB version: 5.7.3
2018/09/24-06:36:33.849802 7f5a32fe6700 Git sha rocksdb_build_git_sha:
2018/09/24-06:36:33.849807 7f5a32fe6700 Compile date Sep  1 2017
2018/09/24-06:36:33.849810 7f5a32fe6700 DB SUMMARY
2018/09/24-06:36:33.849863 7f5a32fe6700 SST files in testDispose//tmp/rdbfactorytest67 dir, Total Num: 0, files: 
2018/09/24-06:36:33.849868 7f5a32fe6700 Write Ahead Log file in testDispose//tmp/rdbfactorytest67: 
2018/09/24-06:36:33.849872 7f5a32fe6700                         Options.error_if_exists: 0
2018/09/24-06:36:33.849874 7f5a32fe6700                       Options.create_if_missing: 1
2018/09/24-06:36:33.849876 7f5a32fe6700                         Options.paranoid_checks: 1
2018/09/24-06:36:33.849879 7f5a32fe6700                                     Options.env: 0x7f59daf89880
2018/09/24-06:36:33.849881 7f5a32fe6700                                Options.info_log: 0x7f5a2d08daa0
2018/09/24-06:36:33.849883 7f5a32fe6700                Options.max_file_opening_threads: 16
2018/09/24-06:36:33.849885 7f5a32fe6700                               Options.use_fsync: 0
2018/09/24-06:36:33.849887 7f5a32fe6700                       Options.max_log_file_size: 0
2018/09/24-06:36:33.849890 7f5a32fe6700                  Options.max_manifest_file_size: 18446744073709551615
2018/09/24-06:36:33.849892 7f5a32fe6700                   Options.log_file_time_to_roll: 0
2018/09/24-06:36:33.849894 7f5a32fe6700                       Options.keep_log_file_num: 1000
2018/09/24-06:36:33.849896 7f5a32fe6700                    Options.recycle_log_file_num: 0
2018/09/24-06:36:33.849898 7f5a32fe6700                         Options.allow_fallocate: 1
2018/09/24-06:36:33.849900 7f5a32fe6700                        Options.allow_mmap_reads: 0
2018/09/24-06:36:33.849902 7f5a32fe6700                       Options.allow_mmap_writes: 0
2018/09/24-06:36:33.849904 7f5a32fe6700                        Options.use_direct_reads: 0
2018/09/24-06:36:33.849906 7f5a32fe6700                        Options.use_direct_io_for_flush_and_compaction: 0
2018/09/24-06:36:33.849908 7f5a32fe6700          Options.create_missing_column_families: 0
2018/09/24-06:36:33.849910 7f5a32fe6700                              Options.db_log_dir: 
2018/09/24-06:36:33.849912 7f5a32fe6700                                 Options.wal_dir: testDispose//tmp/rdbfactorytest67
2018/09/24-06:36:33.849915 7f5a32fe6700                Options.table_cache_numshardbits: 6
2018/09/24-06:36:33.849917 7f5a32fe6700                      Options.max_subcompactions: 1
2018/09/24-06:36:33.849919 7f5a32fe6700                  Options.max_background_flushes: -1
2018/09/24-06:36:33.849921 7f5a32fe6700                         Options.WAL_ttl_seconds: 0
2018/09/24-06:36:33.849923 7f5a32fe6700                       Options.WAL_size_limit_MB: 0
2018/09/24-06:36:33.849925 7f5a32fe6700             Options.manifest_preallocation_size: 4194304
2018/09/24-06:36:33.849927 7f5a32fe6700                     Options.is_fd_close_on_exec: 1
2018/09/24-06:36:33.849929 7f5a32fe6700                   Options.advise_random_on_open: 1
2018/09/24-06:36:33.849931 7f5a32fe6700                    Options.db_write_buffer_size: 0
2018/09/24-06:36:33.849933 7f5a32fe6700         Options.access_hint_on_compaction_start: 1
2018/09/24-06:36:33.849935 7f5a32fe6700  Options.new_table_reader_for_compaction_inputs: 0
2018/09/24-06:36:33.849937 7f5a32fe6700               Options.compaction_readahead_size: 0
2018/09/24-06:36:33.849939 7f5a32fe6700           Options.random_access_max_buffer_size: 1048576
2018/09/24-06:36:33.849941 7f5a32fe6700           Options.writable_file_max_buffer_size: 1048576
2018/09/24-06:36:33.849943 7f5a32fe6700                      Options.use_adaptive_mutex: 0
2018/09/24-06:36:33.849946 7f5a32fe6700                            Options.rate_limiter: (nil)
2018/09/24-06:36:33.849948 7f5a32fe6700     Options.sst_file_manager.rate_bytes_per_sec: 0
2018/09/24-06:36:33.849950 7f5a32fe6700                          Options.bytes_per_sync: 0
2018/09/24-06:36:33.849952 7f5a32fe6700                      Options.wal_bytes_per_sync: 0
2018/09/24-06:36:33.849954 7f5a32fe6700                       Options.wal_recovery_mode: 2
2018/09/24-06:36:33.849975 7f5a32fe6700                  Options.enable_thread_tracking: 0
2018/09/24-06:36:33.849979 7f5a32fe6700                  Options.enable_pipelined_write: 0
2018/09/24-06:36:33.849981 7f5a32fe6700         Options.allow_concurrent_memtable_write: 1
2018/09/24-06:36:33.849983 7f5a32fe6700      Options.enable_write_thread_adaptive_yield: 1
2018/09/24-06:36:33.849985 7f5a32fe6700             Options.write_thread_max_yield_usec: 100
2018/09/24-06:36:33.849987 7f5a32fe6700            Options.write_thread_slow_yield_usec: 3
2018/09/24-06:36:33.849989 7f5a32fe6700                               Options.row_cache: None
2018/09/24-06:36:33.849991 7f5a32fe6700                              Options.wal_filter: None
2018/09/24-06:36:33.849993 7f5a32fe6700             Options.avoid_flush_during_recovery: 0
2018/09/24-06:36:33.849995 7f5a32fe6700             Options.allow_ingest_behind: 0
2018/09/24-06:36:33.849997 7f5a32fe6700             Options.concurrent_prepare: 0
2018/09/24-06:36:33.849999 7f5a32fe6700             Options.manual_wal_flush: 0
2018/09/24-06:36:33.850002 7f5a32fe6700             Options.max_background_jobs: 2
2018/09/24-06:36:33.850004 7f5a32fe6700             Options.max_background_compactions: -1
2018/09/24-06:36:33.850006 7f5a32fe6700             Options.avoid_flush_during_shutdown: 0
2018/09/24-06:36:33.850008 7f5a32fe6700             Options.delayed_write_rate : 16777216
2018/09/24-06:36:33.850010 7f5a32fe6700             Options.max_total_wal_size: 0
2018/09/24-06:36:33.850013 7f5a32fe6700             Options.delete_obsolete_files_period_micros: 21600000000
2018/09/24-06:36:33.850015 7f5a32fe6700                   Options.stats_dump_period_sec: 600
2018/09/24-06:36:33.850017 7f5a32fe6700                          Options.max_open_files: -1
2018/09/24-06:36:33.850019 7f5a32fe6700 Compression algorithms supported:
2018/09/24-06:36:33.850021 7f5a32fe6700 	Snappy supported: 1
2018/09/24-06:36:33.850023 7f5a32fe6700 	Zlib supported: 1
2018/09/24-06:36:33.850025 7f5a32fe6700 	Bzip supported: 1
2018/09/24-06:36:33.850027 7f5a32fe6700 	LZ4 supported: 1
2018/09/24-06:36:33.850030 7f5a32fe6700 	ZSTD supported: 1
2018/09/24-06:36:33.850032 7f5a32fe6700 Fast CRC32 supported: 0
2018/09/24-06:36:33.850160 7f5a32fe6700 [db/db_impl_open.cc:216] Creating manifest 1 
2018/09/24-06:36:34.076259 7f5a32fe6700 [db/version_set.cc:2712] Recovering from manifest file: MANIFEST-000001
2018/09/24-06:36:34.076349 7f5a32fe6700 [db/column_family.cc:413] --------------- Options for column family [default]:
2018/09/24-06:36:34.076354 7f5a32fe6700               Options.comparator: leveldb.BytewiseComparator
2018/09/24-06:36:34.076357 7f5a32fe6700           Options.merge_operator: None
2018/09/24-06:36:34.076359 7f5a32fe6700        Options.compaction_filter: None
2018/09/24-06:36:34.076361 7f5a32fe6700        Options.compaction_filter_factory: None
2018/09/24-06:36:34.076364 7f5a32fe6700         Options.memtable_factory: SkipListFactory
2018/09/24-06:36:34.076366 7f5a32fe6700            Options.table_factory: BlockBasedTable
2018/09/24-06:36:34.076413 7f5a32fe6700            table_factory options:   flush_block_policy_factory: FlushBlockBySizePolicyFactory (0x7f5a2c8403b0)
  cache_index_and_filter_blocks: 0
  cache_index_and_filter_blocks_with_high_priority: 0
  pin_l0_filter_and_index_blocks_in_cache: 0
  index_type: 2
  hash_index_allow_collision: 1
  checksum: 1
  no_block_cache: 0
  block_cache: 0x7f5a2c849ef8
  block_cache_name: LRUCache
  block_cache_options:
    capacity : 104857600
    num_shard_bits : 6
    strict_capacity_limit : 0
    high_pri_pool_ratio: 0.000
  block_cache_compressed: (nil)
  persistent_cache: (nil)
  block_size: 262144
  block_size_deviation: 10
  block_restart_interval: 16
  index_block_restart_interval: 1
  filter_policy: rocksdb.BuiltinBloomFilter
  whole_key_filtering: 1
  format_version: 0
2018/09/24-06:36:34.076419 7f5a32fe6700        Options.write_buffer_size: 52428800
2018/09/24-06:36:34.076421 7f5a32fe6700  Options.max_write_buffer_number: 2
2018/09/24-06:36:34.076453 7f5a32fe6700          Options.compression: Snappy
2018/09/24-06:36:34.076457 7f5a32fe6700                  Options.bottommost_compression: Disabled
2018/09/24-06:36:34.076460 7f5a32fe6700       Options.prefix_extractor: rocksdb.FixedPrefix.4
2018/09/24-06:36:34.076462 7f5a32fe6700   Options.memtable_insert_with_hint_prefix_extractor: nullptr
2018/09/24-06:36:34.076464 7f5a32fe6700             Options.num_levels: 7
2018/09/24-06:36:34.076466 7f5a32fe6700        Options.min_write_buffer_number_to_merge: 1
2018/09/24-06:36:34.076469 7f5a32fe6700     Options.max_write_buffer_number_to_maintain: 0
2018/09/24-06:36:34.076471 7f5a32fe6700            Options.compression_opts.window_bits: -14
2018/09/24-06:36:34.076473 7f5a32fe6700                  Options.compression_opts.level: -1
2018/09/24-06:36:34.076475 7f5a32fe6700               Options.compression_opts.strategy: 0
2018/09/24-06:36:34.076478 7f5a32fe6700         Options.compression_opts.max_dict_bytes: 0
2018/09/24-06:36:34.076480 7f5a32fe6700      Options.level0_file_num_compaction_trigger: 4
2018/09/24-06:36:34.076482 7f5a32fe6700          Options.level0_slowdown_writes_trigger: 20
2018/09/24-06:36:34.076484 7f5a32fe6700              Options.level0_stop_writes_trigger: 36
2018/09/24-06:36:34.076486 7f5a32fe6700                   Options.target_file_size_base: 67108864
2018/09/24-06:36:34.076488 7f5a32fe6700             Options.target_file_size_multiplier: 1
2018/09/24-06:36:34.076491 7f5a32fe6700                Options.max_bytes_for_level_base: 268435456
2018/09/24-06:36:34.076493 7f5a32fe6700 Options.level_compaction_dynamic_level_bytes: 0
2018/09/24-06:36:34.076495 7f5a32fe6700          Options.max_bytes_for_level_multiplier: 10.000000
2018/09/24-06:36:34.076500 7f5a32fe6700 Options.max_bytes_for_level_multiplier_addtl[0]: 1
2018/09/24-06:36:34.076503 7f5a32fe6700 Options.max_bytes_for_level_multiplier_addtl[1]: 1
2018/09/24-06:36:34.076505 7f5a32fe6700 Options.max_bytes_for_level_multiplier_addtl[2]: 1
2018/09/24-06:36:34.076507 7f5a32fe6700 Options.max_bytes_for_level_multiplier_addtl[3]: 1
2018/09/24-06:36:34.076509 7f5a32fe6700 Options.max_bytes_for_level_multiplier_addtl[4]: 1
2018/09/24-06:36:34.076511 7f5a32fe6700 Options.max_bytes_for_level_multiplier_addtl[5]: 1
2018/09/24-06:36:34.076514 7f5a32fe6700 Options.max_bytes_for_level_multiplier_addtl[6]: 1
2018/09/24-06:36:34.076516 7f5a32fe6700       Options.max_sequential_skip_in_iterations: 8
2018/09/24-06:36:34.076518 7f5a32fe6700                    Options.max_compaction_bytes: 1677721600
2018/09/24-06:36:34.076520 7f5a32fe6700                        Options.arena_block_size: 6553600
2018/09/24-06:36:34.076523 7f5a32fe6700   Options.soft_pending_compaction_bytes_limit: 68719476736
2018/09/24-06:36:34.076525 7f5a32fe6700   Options.hard_pending_compaction_bytes_limit: 274877906944
2018/09/24-06:36:34.076527 7f5a32fe6700       Options.rate_limit_delay_max_milliseconds: 100
2018/09/24-06:36:34.076529 7f5a32fe6700                Options.disable_auto_compactions: 0
2018/09/24-06:36:34.076532 7f5a32fe6700                        Options.compaction_style: kCompactionStyleLevel
2018/09/24-06:36:34.076535 7f5a32fe6700                          Options.compaction_pri: kByCompensatedSize
2018/09/24-06:36:34.076537 7f5a32fe6700 Options.compaction_options_universal.size_ratio: 1
2018/09/24-06:36:34.076539 7f5a32fe6700 Options.compaction_options_universal.min_merge_width: 2
2018/09/24-06:36:34.076541 7f5a32fe6700 Options.compaction_options_universal.max_merge_width: 4294967295
2018/09/24-06:36:34.076543 7f5a32fe6700 Options.compaction_options_universal.max_size_amplification_percent: 200
2018/09/24-06:36:34.076546 7f5a32fe6700 Options.compaction_options_universal.compression_size_percent: -1
2018/09/24-06:36:34.076549 7f5a32fe6700 Options.compaction_options_universal.stop_style: kCompactionStopStyleTotalSize
2018/09/24-06:36:34.076551 7f5a32fe6700 Options.compaction_options_fifo.max_table_files_size: 1073741824
2018/09/24-06:36:34.076553 7f5a32fe6700 Options.compaction_options_fifo.allow_compaction: 0
2018/09/24-06:36:34.076571 7f5a32fe6700 Options.compaction_options_fifo.ttl: 0
2018/09/24-06:36:34.076575 7f5a32fe6700                   Options.table_properties_collectors: 
2018/09/24-06:36:34.076577 7f5a32fe6700                   Options.inplace_update_support: 0
2018/09/24-06:36:34.076579 7f5a32fe6700                 Options.inplace_update_num_locks: 10000
2018/09/24-06:36:34.076582 7f5a32fe6700               Options.memtable_prefix_bloom_size_ratio: 0.000000
2018/09/24-06:36:34.076585 7f5a32fe6700   Options.memtable_huge_page_size: 0
2018/09/24-06:36:34.076587 7f5a32fe6700                           Options.bloom_locality: 0
2018/09/24-06:36:34.076589 7f5a32fe6700                    Options.max_successive_merges: 0
2018/09/24-06:36:34.076591 7f5a32fe6700                Options.optimize_filters_for_hits: 0
2018/09/24-06:36:34.076593 7f5a32fe6700                Options.paranoid_file_checks: 0
2018/09/24-06:36:34.076596 7f5a32fe6700                Options.force_consistency_checks: 0
2018/09/24-06:36:34.076598 7f5a32fe6700                Options.report_bg_io_stats: 0
2018/09/24-06:36:34.077810 7f5a32fe6700 [db/version_set.cc:2969] Recovered from manifest file:testDispose//tmp/rdbfactorytest67/MANIFEST-000001 succeeded,manifest_file_number is 1, next_file_number is 3, last_sequence is 0, log_number is 0,prev_log_number is 0,max_column_family is 0
2018/09/24-06:36:34.077817 7f5a32fe6700 [db/version_set.cc:2977] Column family [default] (ID 0), log number is 0
2018/09/24-06:36:34.215919 7f5a32fe6700 [db/db_impl_open.cc:1111] DB pointer 0x7f5a2d08ccf0
2018/09/24-06:37:50.123203 7f5a32fe6700 [db/db_impl.cc:222] Shutdown: canceling all background work
2018/09/24-06:37:50.123403 7f5a32fe6700 [db/db_impl.cc:348] Shutdown complete
