2018/09/24-08:41:25.560385 7f6520ea5700 RocksDB version: 5.7.3
2018/09/24-08:41:25.560433 7f6520ea5700 Git sha rocksdb_build_git_sha:
2018/09/24-08:41:25.560437 7f6520ea5700 Compile date Sep  1 2017
2018/09/24-08:41:25.560440 7f6520ea5700 DB SUMMARY
2018/09/24-08:41:25.560506 7f6520ea5700 SST files in testDispose//tmp/rdbfactorytest72 dir, Total Num: 0, files: 
2018/09/24-08:41:25.560511 7f6520ea5700 Write Ahead Log file in testDispose//tmp/rdbfactorytest72: 
2018/09/24-08:41:25.560515 7f6520ea5700                         Options.error_if_exists: 0
2018/09/24-08:41:25.560517 7f6520ea5700                       Options.create_if_missing: 1
2018/09/24-08:41:25.560519 7f6520ea5700                         Options.paranoid_checks: 1
2018/09/24-08:41:25.560521 7f6520ea5700                                     Options.env: 0x7f64eca48880
2018/09/24-08:41:25.560523 7f6520ea5700                                Options.info_log: 0x7f6519128630
2018/09/24-08:41:25.560525 7f6520ea5700                Options.max_file_opening_threads: 16
2018/09/24-08:41:25.560527 7f6520ea5700                               Options.use_fsync: 0
2018/09/24-08:41:25.560528 7f6520ea5700                       Options.max_log_file_size: 0
2018/09/24-08:41:25.560530 7f6520ea5700                  Options.max_manifest_file_size: 18446744073709551615
2018/09/24-08:41:25.560532 7f6520ea5700                   Options.log_file_time_to_roll: 0
2018/09/24-08:41:25.560534 7f6520ea5700                       Options.keep_log_file_num: 1000
2018/09/24-08:41:25.560536 7f6520ea5700                    Options.recycle_log_file_num: 0
2018/09/24-08:41:25.560538 7f6520ea5700                         Options.allow_fallocate: 1
2018/09/24-08:41:25.560540 7f6520ea5700                        Options.allow_mmap_reads: 0
2018/09/24-08:41:25.560542 7f6520ea5700                       Options.allow_mmap_writes: 0
2018/09/24-08:41:25.560543 7f6520ea5700                        Options.use_direct_reads: 0
2018/09/24-08:41:25.560545 7f6520ea5700                        Options.use_direct_io_for_flush_and_compaction: 0
2018/09/24-08:41:25.560547 7f6520ea5700          Options.create_missing_column_families: 0
2018/09/24-08:41:25.560549 7f6520ea5700                              Options.db_log_dir: 
2018/09/24-08:41:25.560551 7f6520ea5700                                 Options.wal_dir: testDispose//tmp/rdbfactorytest72
2018/09/24-08:41:25.560553 7f6520ea5700                Options.table_cache_numshardbits: 6
2018/09/24-08:41:25.560554 7f6520ea5700                      Options.max_subcompactions: 1
2018/09/24-08:41:25.560556 7f6520ea5700                  Options.max_background_flushes: -1
2018/09/24-08:41:25.560558 7f6520ea5700                         Options.WAL_ttl_seconds: 0
2018/09/24-08:41:25.560560 7f6520ea5700                       Options.WAL_size_limit_MB: 0
2018/09/24-08:41:25.560562 7f6520ea5700             Options.manifest_preallocation_size: 4194304
2018/09/24-08:41:25.560564 7f6520ea5700                     Options.is_fd_close_on_exec: 1
2018/09/24-08:41:25.560565 7f6520ea5700                   Options.advise_random_on_open: 1
2018/09/24-08:41:25.560567 7f6520ea5700                    Options.db_write_buffer_size: 0
2018/09/24-08:41:25.560569 7f6520ea5700         Options.access_hint_on_compaction_start: 1
2018/09/24-08:41:25.560571 7f6520ea5700  Options.new_table_reader_for_compaction_inputs: 0
2018/09/24-08:41:25.560573 7f6520ea5700               Options.compaction_readahead_size: 0
2018/09/24-08:41:25.560574 7f6520ea5700           Options.random_access_max_buffer_size: 1048576
2018/09/24-08:41:25.560576 7f6520ea5700           Options.writable_file_max_buffer_size: 1048576
2018/09/24-08:41:25.560578 7f6520ea5700                      Options.use_adaptive_mutex: 0
2018/09/24-08:41:25.560580 7f6520ea5700                            Options.rate_limiter: (nil)
2018/09/24-08:41:25.560582 7f6520ea5700     Options.sst_file_manager.rate_bytes_per_sec: 0
2018/09/24-08:41:25.560584 7f6520ea5700                          Options.bytes_per_sync: 0
2018/09/24-08:41:25.560586 7f6520ea5700                      Options.wal_bytes_per_sync: 0
2018/09/24-08:41:25.560587 7f6520ea5700                       Options.wal_recovery_mode: 2
2018/09/24-08:41:25.560610 7f6520ea5700                  Options.enable_thread_tracking: 0
2018/09/24-08:41:25.560613 7f6520ea5700                  Options.enable_pipelined_write: 0
2018/09/24-08:41:25.560615 7f6520ea5700         Options.allow_concurrent_memtable_write: 1
2018/09/24-08:41:25.560616 7f6520ea5700      Options.enable_write_thread_adaptive_yield: 1
2018/09/24-08:41:25.560618 7f6520ea5700             Options.write_thread_max_yield_usec: 100
2018/09/24-08:41:25.560620 7f6520ea5700            Options.write_thread_slow_yield_usec: 3
2018/09/24-08:41:25.560622 7f6520ea5700                               Options.row_cache: None
2018/09/24-08:41:25.560624 7f6520ea5700                              Options.wal_filter: None
2018/09/24-08:41:25.560626 7f6520ea5700             Options.avoid_flush_during_recovery: 0
2018/09/24-08:41:25.560627 7f6520ea5700             Options.allow_ingest_behind: 0
2018/09/24-08:41:25.560629 7f6520ea5700             Options.concurrent_prepare: 0
2018/09/24-08:41:25.560631 7f6520ea5700             Options.manual_wal_flush: 0
2018/09/24-08:41:25.560633 7f6520ea5700             Options.max_background_jobs: 2
2018/09/24-08:41:25.560635 7f6520ea5700             Options.max_background_compactions: -1
2018/09/24-08:41:25.560637 7f6520ea5700             Options.avoid_flush_during_shutdown: 0
2018/09/24-08:41:25.560639 7f6520ea5700             Options.delayed_write_rate : 16777216
2018/09/24-08:41:25.560641 7f6520ea5700             Options.max_total_wal_size: 0
2018/09/24-08:41:25.560643 7f6520ea5700             Options.delete_obsolete_files_period_micros: 21600000000
2018/09/24-08:41:25.560645 7f6520ea5700                   Options.stats_dump_period_sec: 600
2018/09/24-08:41:25.560647 7f6520ea5700                          Options.max_open_files: -1
2018/09/24-08:41:25.560649 7f6520ea5700 Compression algorithms supported:
2018/09/24-08:41:25.560651 7f6520ea5700 	Snappy supported: 1
2018/09/24-08:41:25.560653 7f6520ea5700 	Zlib supported: 1
2018/09/24-08:41:25.560655 7f6520ea5700 	Bzip supported: 1
2018/09/24-08:41:25.560657 7f6520ea5700 	LZ4 supported: 1
2018/09/24-08:41:25.560659 7f6520ea5700 	ZSTD supported: 1
2018/09/24-08:41:25.560661 7f6520ea5700 Fast CRC32 supported: 0
2018/09/24-08:41:25.560791 7f6520ea5700 [db/db_impl_open.cc:216] Creating manifest 1 
2018/09/24-08:41:25.744316 7f6520ea5700 [db/version_set.cc:2712] Recovering from manifest file: MANIFEST-000001
2018/09/24-08:41:25.744405 7f6520ea5700 [db/column_family.cc:413] --------------- Options for column family [default]:
2018/09/24-08:41:25.744410 7f6520ea5700               Options.comparator: leveldb.BytewiseComparator
2018/09/24-08:41:25.744413 7f6520ea5700           Options.merge_operator: None
2018/09/24-08:41:25.744415 7f6520ea5700        Options.compaction_filter: None
2018/09/24-08:41:25.744416 7f6520ea5700        Options.compaction_filter_factory: None
2018/09/24-08:41:25.744419 7f6520ea5700         Options.memtable_factory: SkipListFactory
2018/09/24-08:41:25.744421 7f6520ea5700            Options.table_factory: BlockBasedTable
2018/09/24-08:41:25.744471 7f6520ea5700            table_factory options:   flush_block_policy_factory: FlushBlockBySizePolicyFactory (0x7f651885eec0)
  cache_index_and_filter_blocks: 0
  cache_index_and_filter_blocks_with_high_priority: 0
  pin_l0_filter_and_index_blocks_in_cache: 0
  index_type: 2
  hash_index_allow_collision: 1
  checksum: 1
  no_block_cache: 0
  block_cache: 0x7f651885c9b8
  block_cache_name: LRUCache
  block_cache_options:
    capacity : 104857600
    num_shard_bits : 6
    strict_capacity_limit : 0
    high_pri_pool_ratio: 0.000
  block_cache_compressed: (nil)
  persistent_cache: (nil)
  block_size: 262144
  block_size_deviation: 10
  block_restart_interval: 16
  index_block_restart_interval: 1
  filter_policy: rocksdb.BuiltinBloomFilter
  whole_key_filtering: 1
  format_version: 0
2018/09/24-08:41:25.744477 7f6520ea5700        Options.write_buffer_size: 52428800
2018/09/24-08:41:25.744479 7f6520ea5700  Options.max_write_buffer_number: 2
2018/09/24-08:41:25.744506 7f6520ea5700          Options.compression: Snappy
2018/09/24-08:41:25.744510 7f6520ea5700                  Options.bottommost_compression: Disabled
2018/09/24-08:41:25.744512 7f6520ea5700       Options.prefix_extractor: rocksdb.FixedPrefix.4
2018/09/24-08:41:25.744514 7f6520ea5700   Options.memtable_insert_with_hint_prefix_extractor: nullptr
2018/09/24-08:41:25.744516 7f6520ea5700             Options.num_levels: 7
2018/09/24-08:41:25.744518 7f6520ea5700        Options.min_write_buffer_number_to_merge: 1
2018/09/24-08:41:25.744520 7f6520ea5700     Options.max_write_buffer_number_to_maintain: 0
2018/09/24-08:41:25.744522 7f6520ea5700            Options.compression_opts.window_bits: -14
2018/09/24-08:41:25.744524 7f6520ea5700                  Options.compression_opts.level: -1
2018/09/24-08:41:25.744526 7f6520ea5700               Options.compression_opts.strategy: 0
2018/09/24-08:41:25.744528 7f6520ea5700         Options.compression_opts.max_dict_bytes: 0
2018/09/24-08:41:25.744530 7f6520ea5700      Options.level0_file_num_compaction_trigger: 4
2018/09/24-08:41:25.744532 7f6520ea5700          Options.level0_slowdown_writes_trigger: 20
2018/09/24-08:41:25.744534 7f6520ea5700              Options.level0_stop_writes_trigger: 36
2018/09/24-08:41:25.744536 7f6520ea5700                   Options.target_file_size_base: 67108864
2018/09/24-08:41:25.744538 7f6520ea5700             Options.target_file_size_multiplier: 1
2018/09/24-08:41:25.744539 7f6520ea5700                Options.max_bytes_for_level_base: 268435456
2018/09/24-08:41:25.744541 7f6520ea5700 Options.level_compaction_dynamic_level_bytes: 0
2018/09/24-08:41:25.744543 7f6520ea5700          Options.max_bytes_for_level_multiplier: 10.000000
2018/09/24-08:41:25.744548 7f6520ea5700 Options.max_bytes_for_level_multiplier_addtl[0]: 1
2018/09/24-08:41:25.744550 7f6520ea5700 Options.max_bytes_for_level_multiplier_addtl[1]: 1
2018/09/24-08:41:25.744552 7f6520ea5700 Options.max_bytes_for_level_multiplier_addtl[2]: 1
2018/09/24-08:41:25.744554 7f6520ea5700 Options.max_bytes_for_level_multiplier_addtl[3]: 1
2018/09/24-08:41:25.744556 7f6520ea5700 Options.max_bytes_for_level_multiplier_addtl[4]: 1
2018/09/24-08:41:25.744558 7f6520ea5700 Options.max_bytes_for_level_multiplier_addtl[5]: 1
2018/09/24-08:41:25.744560 7f6520ea5700 Options.max_bytes_for_level_multiplier_addtl[6]: 1
2018/09/24-08:41:25.744562 7f6520ea5700       Options.max_sequential_skip_in_iterations: 8
2018/09/24-08:41:25.744564 7f6520ea5700                    Options.max_compaction_bytes: 1677721600
2018/09/24-08:41:25.744566 7f6520ea5700                        Options.arena_block_size: 6553600
2018/09/24-08:41:25.744568 7f6520ea5700   Options.soft_pending_compaction_bytes_limit: 68719476736
2018/09/24-08:41:25.744570 7f6520ea5700   Options.hard_pending_compaction_bytes_limit: 274877906944
2018/09/24-08:41:25.744572 7f6520ea5700       Options.rate_limit_delay_max_milliseconds: 100
2018/09/24-08:41:25.744574 7f6520ea5700                Options.disable_auto_compactions: 0
2018/09/24-08:41:25.744577 7f6520ea5700                        Options.compaction_style: kCompactionStyleLevel
2018/09/24-08:41:25.744579 7f6520ea5700                          Options.compaction_pri: kByCompensatedSize
2018/09/24-08:41:25.744581 7f6520ea5700 Options.compaction_options_universal.size_ratio: 1
2018/09/24-08:41:25.744583 7f6520ea5700 Options.compaction_options_universal.min_merge_width: 2
2018/09/24-08:41:25.744584 7f6520ea5700 Options.compaction_options_universal.max_merge_width: 4294967295
2018/09/24-08:41:25.744587 7f6520ea5700 Options.compaction_options_universal.max_size_amplification_percent: 200
2018/09/24-08:41:25.744589 7f6520ea5700 Options.compaction_options_universal.compression_size_percent: -1
2018/09/24-08:41:25.744591 7f6520ea5700 Options.compaction_options_universal.stop_style: kCompactionStopStyleTotalSize
2018/09/24-08:41:25.744593 7f6520ea5700 Options.compaction_options_fifo.max_table_files_size: 1073741824
2018/09/24-08:41:25.744595 7f6520ea5700 Options.compaction_options_fifo.allow_compaction: 0
2018/09/24-08:41:25.744613 7f6520ea5700 Options.compaction_options_fifo.ttl: 0
2018/09/24-08:41:25.744617 7f6520ea5700                   Options.table_properties_collectors: 
2018/09/24-08:41:25.744619 7f6520ea5700                   Options.inplace_update_support: 0
2018/09/24-08:41:25.744620 7f6520ea5700                 Options.inplace_update_num_locks: 10000
2018/09/24-08:41:25.744622 7f6520ea5700               Options.memtable_prefix_bloom_size_ratio: 0.000000
2018/09/24-08:41:25.744625 7f6520ea5700   Options.memtable_huge_page_size: 0
2018/09/24-08:41:25.744627 7f6520ea5700                           Options.bloom_locality: 0
2018/09/24-08:41:25.744629 7f6520ea5700                    Options.max_successive_merges: 0
2018/09/24-08:41:25.744631 7f6520ea5700                Options.optimize_filters_for_hits: 0
2018/09/24-08:41:25.744633 7f6520ea5700                Options.paranoid_file_checks: 0
2018/09/24-08:41:25.744635 7f6520ea5700                Options.force_consistency_checks: 0
2018/09/24-08:41:25.744637 7f6520ea5700                Options.report_bg_io_stats: 0
2018/09/24-08:41:25.745670 7f6520ea5700 [db/version_set.cc:2969] Recovered from manifest file:testDispose//tmp/rdbfactorytest72/MANIFEST-000001 succeeded,manifest_file_number is 1, next_file_number is 3, last_sequence is 0, log_number is 0,prev_log_number is 0,max_column_family is 0
2018/09/24-08:41:25.745677 7f6520ea5700 [db/version_set.cc:2977] Column family [default] (ID 0), log number is 0
2018/09/24-08:41:25.861515 7f6520ea5700 [db/db_impl_open.cc:1111] DB pointer 0x7f6519127880
2018/09/24-08:42:32.716720 7f6520ea5700 [db/db_impl.cc:222] Shutdown: canceling all background work
2018/09/24-08:42:32.716886 7f6520ea5700 [db/db_impl.cc:348] Shutdown complete
