2018/09/11-10:46:25.120503 7fcf02fb6700 RocksDB version: 5.7.3
2018/09/11-10:46:25.120540 7fcf02fb6700 Git sha rocksdb_build_git_sha:
2018/09/11-10:46:25.120544 7fcf02fb6700 Compile date Sep  1 2017
2018/09/11-10:46:25.120547 7fcf02fb6700 DB SUMMARY
2018/09/11-10:46:25.120585 7fcf02fb6700 SST files in testDispose//tmp/rdbfactorytest247 dir, Total Num: 0, files: 
2018/09/11-10:46:25.120590 7fcf02fb6700 Write Ahead Log file in testDispose//tmp/rdbfactorytest247: 
2018/09/11-10:46:25.120593 7fcf02fb6700                         Options.error_if_exists: 0
2018/09/11-10:46:25.120596 7fcf02fb6700                       Options.create_if_missing: 1
2018/09/11-10:46:25.120597 7fcf02fb6700                         Options.paranoid_checks: 1
2018/09/11-10:46:25.120599 7fcf02fb6700                                     Options.env: 0x7fceceb59880
2018/09/11-10:46:25.120601 7fcf02fb6700                                Options.info_log: 0x7fcefd282db0
2018/09/11-10:46:25.120603 7fcf02fb6700                Options.max_file_opening_threads: 16
2018/09/11-10:46:25.120605 7fcf02fb6700                               Options.use_fsync: 0
2018/09/11-10:46:25.120607 7fcf02fb6700                       Options.max_log_file_size: 0
2018/09/11-10:46:25.120609 7fcf02fb6700                  Options.max_manifest_file_size: 18446744073709551615
2018/09/11-10:46:25.120611 7fcf02fb6700                   Options.log_file_time_to_roll: 0
2018/09/11-10:46:25.120613 7fcf02fb6700                       Options.keep_log_file_num: 1000
2018/09/11-10:46:25.120615 7fcf02fb6700                    Options.recycle_log_file_num: 0
2018/09/11-10:46:25.120617 7fcf02fb6700                         Options.allow_fallocate: 1
2018/09/11-10:46:25.120619 7fcf02fb6700                        Options.allow_mmap_reads: 0
2018/09/11-10:46:25.120621 7fcf02fb6700                       Options.allow_mmap_writes: 0
2018/09/11-10:46:25.120622 7fcf02fb6700                        Options.use_direct_reads: 0
2018/09/11-10:46:25.120624 7fcf02fb6700                        Options.use_direct_io_for_flush_and_compaction: 0
2018/09/11-10:46:25.120626 7fcf02fb6700          Options.create_missing_column_families: 0
2018/09/11-10:46:25.120627 7fcf02fb6700                              Options.db_log_dir: 
2018/09/11-10:46:25.120629 7fcf02fb6700                                 Options.wal_dir: testDispose//tmp/rdbfactorytest247
2018/09/11-10:46:25.120631 7fcf02fb6700                Options.table_cache_numshardbits: 6
2018/09/11-10:46:25.120633 7fcf02fb6700                      Options.max_subcompactions: 1
2018/09/11-10:46:25.120635 7fcf02fb6700                  Options.max_background_flushes: -1
2018/09/11-10:46:25.120636 7fcf02fb6700                         Options.WAL_ttl_seconds: 0
2018/09/11-10:46:25.120638 7fcf02fb6700                       Options.WAL_size_limit_MB: 0
2018/09/11-10:46:25.120640 7fcf02fb6700             Options.manifest_preallocation_size: 4194304
2018/09/11-10:46:25.120641 7fcf02fb6700                     Options.is_fd_close_on_exec: 1
2018/09/11-10:46:25.120643 7fcf02fb6700                   Options.advise_random_on_open: 1
2018/09/11-10:46:25.120645 7fcf02fb6700                    Options.db_write_buffer_size: 0
2018/09/11-10:46:25.120647 7fcf02fb6700         Options.access_hint_on_compaction_start: 1
2018/09/11-10:46:25.120649 7fcf02fb6700  Options.new_table_reader_for_compaction_inputs: 0
2018/09/11-10:46:25.120652 7fcf02fb6700               Options.compaction_readahead_size: 0
2018/09/11-10:46:25.120653 7fcf02fb6700           Options.random_access_max_buffer_size: 1048576
2018/09/11-10:46:25.120654 7fcf02fb6700           Options.writable_file_max_buffer_size: 1048576
2018/09/11-10:46:25.120655 7fcf02fb6700                      Options.use_adaptive_mutex: 0
2018/09/11-10:46:25.120656 7fcf02fb6700                            Options.rate_limiter: (nil)
2018/09/11-10:46:25.120658 7fcf02fb6700     Options.sst_file_manager.rate_bytes_per_sec: 0
2018/09/11-10:46:25.120659 7fcf02fb6700                          Options.bytes_per_sync: 0
2018/09/11-10:46:25.120661 7fcf02fb6700                      Options.wal_bytes_per_sync: 0
2018/09/11-10:46:25.120662 7fcf02fb6700                       Options.wal_recovery_mode: 2
2018/09/11-10:46:25.120682 7fcf02fb6700                  Options.enable_thread_tracking: 0
2018/09/11-10:46:25.120686 7fcf02fb6700                  Options.enable_pipelined_write: 0
2018/09/11-10:46:25.120688 7fcf02fb6700         Options.allow_concurrent_memtable_write: 1
2018/09/11-10:46:25.120689 7fcf02fb6700      Options.enable_write_thread_adaptive_yield: 1
2018/09/11-10:46:25.120691 7fcf02fb6700             Options.write_thread_max_yield_usec: 100
2018/09/11-10:46:25.120693 7fcf02fb6700            Options.write_thread_slow_yield_usec: 3
2018/09/11-10:46:25.120695 7fcf02fb6700                               Options.row_cache: None
2018/09/11-10:46:25.120697 7fcf02fb6700                              Options.wal_filter: None
2018/09/11-10:46:25.120699 7fcf02fb6700             Options.avoid_flush_during_recovery: 0
2018/09/11-10:46:25.120701 7fcf02fb6700             Options.allow_ingest_behind: 0
2018/09/11-10:46:25.120702 7fcf02fb6700             Options.concurrent_prepare: 0
2018/09/11-10:46:25.120704 7fcf02fb6700             Options.manual_wal_flush: 0
2018/09/11-10:46:25.120706 7fcf02fb6700             Options.max_background_jobs: 2
2018/09/11-10:46:25.120708 7fcf02fb6700             Options.max_background_compactions: -1
2018/09/11-10:46:25.120710 7fcf02fb6700             Options.avoid_flush_during_shutdown: 0
2018/09/11-10:46:25.120712 7fcf02fb6700             Options.delayed_write_rate : 16777216
2018/09/11-10:46:25.120714 7fcf02fb6700             Options.max_total_wal_size: 0
2018/09/11-10:46:25.120716 7fcf02fb6700             Options.delete_obsolete_files_period_micros: 21600000000
2018/09/11-10:46:25.120718 7fcf02fb6700                   Options.stats_dump_period_sec: 600
2018/09/11-10:46:25.120720 7fcf02fb6700                          Options.max_open_files: -1
2018/09/11-10:46:25.120722 7fcf02fb6700 Compression algorithms supported:
2018/09/11-10:46:25.120723 7fcf02fb6700 	Snappy supported: 1
2018/09/11-10:46:25.120725 7fcf02fb6700 	Zlib supported: 1
2018/09/11-10:46:25.120727 7fcf02fb6700 	Bzip supported: 1
2018/09/11-10:46:25.120729 7fcf02fb6700 	LZ4 supported: 1
2018/09/11-10:46:25.120731 7fcf02fb6700 	ZSTD supported: 1
2018/09/11-10:46:25.120733 7fcf02fb6700 Fast CRC32 supported: 0
2018/09/11-10:46:25.120845 7fcf02fb6700 [db/db_impl_open.cc:216] Creating manifest 1 
2018/09/11-10:46:25.349381 7fcf02fb6700 [db/version_set.cc:2712] Recovering from manifest file: MANIFEST-000001
2018/09/11-10:46:25.349454 7fcf02fb6700 [db/column_family.cc:413] --------------- Options for column family [default]:
2018/09/11-10:46:25.349459 7fcf02fb6700               Options.comparator: leveldb.BytewiseComparator
2018/09/11-10:46:25.349462 7fcf02fb6700           Options.merge_operator: None
2018/09/11-10:46:25.349464 7fcf02fb6700        Options.compaction_filter: None
2018/09/11-10:46:25.349466 7fcf02fb6700        Options.compaction_filter_factory: None
2018/09/11-10:46:25.349468 7fcf02fb6700         Options.memtable_factory: SkipListFactory
2018/09/11-10:46:25.349470 7fcf02fb6700            Options.table_factory: BlockBasedTable
2018/09/11-10:46:25.349510 7fcf02fb6700            table_factory options:   flush_block_policy_factory: FlushBlockBySizePolicyFactory (0x7fcefc860ad0)
  cache_index_and_filter_blocks: 0
  cache_index_and_filter_blocks_with_high_priority: 0
  pin_l0_filter_and_index_blocks_in_cache: 0
  index_type: 2
  hash_index_allow_collision: 1
  checksum: 1
  no_block_cache: 0
  block_cache: 0x7fcefc82c458
  block_cache_name: LRUCache
  block_cache_options:
    capacity : 104857600
    num_shard_bits : 6
    strict_capacity_limit : 0
    high_pri_pool_ratio: 0.000
  block_cache_compressed: (nil)
  persistent_cache: (nil)
  block_size: 262144
  block_size_deviation: 10
  block_restart_interval: 16
  index_block_restart_interval: 1
  filter_policy: rocksdb.BuiltinBloomFilter
  whole_key_filtering: 1
  format_version: 0
2018/09/11-10:46:25.349515 7fcf02fb6700        Options.write_buffer_size: 52428800
2018/09/11-10:46:25.349517 7fcf02fb6700  Options.max_write_buffer_number: 2
2018/09/11-10:46:25.349549 7fcf02fb6700          Options.compression: Snappy
2018/09/11-10:46:25.349553 7fcf02fb6700                  Options.bottommost_compression: Disabled
2018/09/11-10:46:25.349556 7fcf02fb6700       Options.prefix_extractor: rocksdb.FixedPrefix.4
2018/09/11-10:46:25.349558 7fcf02fb6700   Options.memtable_insert_with_hint_prefix_extractor: nullptr
2018/09/11-10:46:25.349560 7fcf02fb6700             Options.num_levels: 7
2018/09/11-10:46:25.349561 7fcf02fb6700        Options.min_write_buffer_number_to_merge: 1
2018/09/11-10:46:25.349563 7fcf02fb6700     Options.max_write_buffer_number_to_maintain: 0
2018/09/11-10:46:25.349565 7fcf02fb6700            Options.compression_opts.window_bits: -14
2018/09/11-10:46:25.349567 7fcf02fb6700                  Options.compression_opts.level: -1
2018/09/11-10:46:25.349569 7fcf02fb6700               Options.compression_opts.strategy: 0
2018/09/11-10:46:25.349570 7fcf02fb6700         Options.compression_opts.max_dict_bytes: 0
2018/09/11-10:46:25.349572 7fcf02fb6700      Options.level0_file_num_compaction_trigger: 4
2018/09/11-10:46:25.349574 7fcf02fb6700          Options.level0_slowdown_writes_trigger: 20
2018/09/11-10:46:25.349576 7fcf02fb6700              Options.level0_stop_writes_trigger: 36
2018/09/11-10:46:25.349577 7fcf02fb6700                   Options.target_file_size_base: 67108864
2018/09/11-10:46:25.349579 7fcf02fb6700             Options.target_file_size_multiplier: 1
2018/09/11-10:46:25.349581 7fcf02fb6700                Options.max_bytes_for_level_base: 268435456
2018/09/11-10:46:25.349583 7fcf02fb6700 Options.level_compaction_dynamic_level_bytes: 0
2018/09/11-10:46:25.349585 7fcf02fb6700          Options.max_bytes_for_level_multiplier: 10.000000
2018/09/11-10:46:25.349590 7fcf02fb6700 Options.max_bytes_for_level_multiplier_addtl[0]: 1
2018/09/11-10:46:25.349592 7fcf02fb6700 Options.max_bytes_for_level_multiplier_addtl[1]: 1
2018/09/11-10:46:25.349594 7fcf02fb6700 Options.max_bytes_for_level_multiplier_addtl[2]: 1
2018/09/11-10:46:25.349596 7fcf02fb6700 Options.max_bytes_for_level_multiplier_addtl[3]: 1
2018/09/11-10:46:25.349597 7fcf02fb6700 Options.max_bytes_for_level_multiplier_addtl[4]: 1
2018/09/11-10:46:25.349599 7fcf02fb6700 Options.max_bytes_for_level_multiplier_addtl[5]: 1
2018/09/11-10:46:25.349601 7fcf02fb6700 Options.max_bytes_for_level_multiplier_addtl[6]: 1
2018/09/11-10:46:25.349603 7fcf02fb6700       Options.max_sequential_skip_in_iterations: 8
2018/09/11-10:46:25.349605 7fcf02fb6700                    Options.max_compaction_bytes: 1677721600
2018/09/11-10:46:25.349607 7fcf02fb6700                        Options.arena_block_size: 6553600
2018/09/11-10:46:25.349608 7fcf02fb6700   Options.soft_pending_compaction_bytes_limit: 68719476736
2018/09/11-10:46:25.349610 7fcf02fb6700   Options.hard_pending_compaction_bytes_limit: 274877906944
2018/09/11-10:46:25.349612 7fcf02fb6700       Options.rate_limit_delay_max_milliseconds: 100
2018/09/11-10:46:25.349614 7fcf02fb6700                Options.disable_auto_compactions: 0
2018/09/11-10:46:25.349617 7fcf02fb6700                        Options.compaction_style: kCompactionStyleLevel
2018/09/11-10:46:25.349619 7fcf02fb6700                          Options.compaction_pri: kByCompensatedSize
2018/09/11-10:46:25.349621 7fcf02fb6700 Options.compaction_options_universal.size_ratio: 1
2018/09/11-10:46:25.349622 7fcf02fb6700 Options.compaction_options_universal.min_merge_width: 2
2018/09/11-10:46:25.349624 7fcf02fb6700 Options.compaction_options_universal.max_merge_width: 4294967295
2018/09/11-10:46:25.349626 7fcf02fb6700 Options.compaction_options_universal.max_size_amplification_percent: 200
2018/09/11-10:46:25.349628 7fcf02fb6700 Options.compaction_options_universal.compression_size_percent: -1
2018/09/11-10:46:25.349630 7fcf02fb6700 Options.compaction_options_universal.stop_style: kCompactionStopStyleTotalSize
2018/09/11-10:46:25.349632 7fcf02fb6700 Options.compaction_options_fifo.max_table_files_size: 1073741824
2018/09/11-10:46:25.349634 7fcf02fb6700 Options.compaction_options_fifo.allow_compaction: 0
2018/09/11-10:46:25.349655 7fcf02fb6700 Options.compaction_options_fifo.ttl: 0
2018/09/11-10:46:25.349659 7fcf02fb6700                   Options.table_properties_collectors: 
2018/09/11-10:46:25.349661 7fcf02fb6700                   Options.inplace_update_support: 0
2018/09/11-10:46:25.349663 7fcf02fb6700                 Options.inplace_update_num_locks: 10000
2018/09/11-10:46:25.349665 7fcf02fb6700               Options.memtable_prefix_bloom_size_ratio: 0.000000
2018/09/11-10:46:25.349668 7fcf02fb6700   Options.memtable_huge_page_size: 0
2018/09/11-10:46:25.349670 7fcf02fb6700                           Options.bloom_locality: 0
2018/09/11-10:46:25.349672 7fcf02fb6700                    Options.max_successive_merges: 0
2018/09/11-10:46:25.349674 7fcf02fb6700                Options.optimize_filters_for_hits: 0
2018/09/11-10:46:25.349676 7fcf02fb6700                Options.paranoid_file_checks: 0
2018/09/11-10:46:25.349678 7fcf02fb6700                Options.force_consistency_checks: 0
2018/09/11-10:46:25.349680 7fcf02fb6700                Options.report_bg_io_stats: 0
2018/09/11-10:46:25.350699 7fcf02fb6700 [db/version_set.cc:2969] Recovered from manifest file:testDispose//tmp/rdbfactorytest247/MANIFEST-000001 succeeded,manifest_file_number is 1, next_file_number is 3, last_sequence is 0, log_number is 0,prev_log_number is 0,max_column_family is 0
2018/09/11-10:46:25.350710 7fcf02fb6700 [db/version_set.cc:2977] Column family [default] (ID 0), log number is 0
2018/09/11-10:46:25.493402 7fcf02fb6700 [db/db_impl_open.cc:1111] DB pointer 0x7fcefd265000
2018/09/11-10:47:21.100314 7fcecdec9700 [db/db_impl.cc:222] Shutdown: canceling all background work
2018/09/11-10:47:21.100441 7fcecdec9700 [db/db_impl.cc:348] Shutdown complete
