2018/09/24-06:37:32.374826 7f5a32fe6700 RocksDB version: 5.7.3
2018/09/24-06:37:32.374872 7f5a32fe6700 Git sha rocksdb_build_git_sha:
2018/09/24-06:37:32.374876 7f5a32fe6700 Compile date Sep  1 2017
2018/09/24-06:37:32.374879 7f5a32fe6700 DB SUMMARY
2018/09/24-06:37:32.374923 7f5a32fe6700 SST files in testDispose//tmp/rdbfactorytest235 dir, Total Num: 0, files: 
2018/09/24-06:37:32.374928 7f5a32fe6700 Write Ahead Log file in testDispose//tmp/rdbfactorytest235: 
2018/09/24-06:37:32.374932 7f5a32fe6700                         Options.error_if_exists: 0
2018/09/24-06:37:32.374934 7f5a32fe6700                       Options.create_if_missing: 1
2018/09/24-06:37:32.374936 7f5a32fe6700                         Options.paranoid_checks: 1
2018/09/24-06:37:32.374938 7f5a32fe6700                                     Options.env: 0x7f59daf89880
2018/09/24-06:37:32.374941 7f5a32fe6700                                Options.info_log: 0x7f5a2cbc1970
2018/09/24-06:37:32.374943 7f5a32fe6700                Options.max_file_opening_threads: 16
2018/09/24-06:37:32.374945 7f5a32fe6700                               Options.use_fsync: 0
2018/09/24-06:37:32.374947 7f5a32fe6700                       Options.max_log_file_size: 0
2018/09/24-06:37:32.374949 7f5a32fe6700                  Options.max_manifest_file_size: 18446744073709551615
2018/09/24-06:37:32.374952 7f5a32fe6700                   Options.log_file_time_to_roll: 0
2018/09/24-06:37:32.374954 7f5a32fe6700                       Options.keep_log_file_num: 1000
2018/09/24-06:37:32.374956 7f5a32fe6700                    Options.recycle_log_file_num: 0
2018/09/24-06:37:32.374958 7f5a32fe6700                         Options.allow_fallocate: 1
2018/09/24-06:37:32.374960 7f5a32fe6700                        Options.allow_mmap_reads: 0
2018/09/24-06:37:32.374962 7f5a32fe6700                       Options.allow_mmap_writes: 0
2018/09/24-06:37:32.374964 7f5a32fe6700                        Options.use_direct_reads: 0
2018/09/24-06:37:32.374966 7f5a32fe6700                        Options.use_direct_io_for_flush_and_compaction: 0
2018/09/24-06:37:32.374969 7f5a32fe6700          Options.create_missing_column_families: 0
2018/09/24-06:37:32.374971 7f5a32fe6700                              Options.db_log_dir: 
2018/09/24-06:37:32.374973 7f5a32fe6700                                 Options.wal_dir: testDispose//tmp/rdbfactorytest235
2018/09/24-06:37:32.374975 7f5a32fe6700                Options.table_cache_numshardbits: 6
2018/09/24-06:37:32.374977 7f5a32fe6700                      Options.max_subcompactions: 1
2018/09/24-06:37:32.374979 7f5a32fe6700                  Options.max_background_flushes: -1
2018/09/24-06:37:32.374981 7f5a32fe6700                         Options.WAL_ttl_seconds: 0
2018/09/24-06:37:32.374983 7f5a32fe6700                       Options.WAL_size_limit_MB: 0
2018/09/24-06:37:32.374985 7f5a32fe6700             Options.manifest_preallocation_size: 4194304
2018/09/24-06:37:32.374988 7f5a32fe6700                     Options.is_fd_close_on_exec: 1
2018/09/24-06:37:32.374990 7f5a32fe6700                   Options.advise_random_on_open: 1
2018/09/24-06:37:32.374992 7f5a32fe6700                    Options.db_write_buffer_size: 0
2018/09/24-06:37:32.374994 7f5a32fe6700         Options.access_hint_on_compaction_start: 1
2018/09/24-06:37:32.374996 7f5a32fe6700  Options.new_table_reader_for_compaction_inputs: 0
2018/09/24-06:37:32.374998 7f5a32fe6700               Options.compaction_readahead_size: 0
2018/09/24-06:37:32.375000 7f5a32fe6700           Options.random_access_max_buffer_size: 1048576
2018/09/24-06:37:32.375002 7f5a32fe6700           Options.writable_file_max_buffer_size: 1048576
2018/09/24-06:37:32.375004 7f5a32fe6700                      Options.use_adaptive_mutex: 0
2018/09/24-06:37:32.375007 7f5a32fe6700                            Options.rate_limiter: (nil)
2018/09/24-06:37:32.375009 7f5a32fe6700     Options.sst_file_manager.rate_bytes_per_sec: 0
2018/09/24-06:37:32.375011 7f5a32fe6700                          Options.bytes_per_sync: 0
2018/09/24-06:37:32.375013 7f5a32fe6700                      Options.wal_bytes_per_sync: 0
2018/09/24-06:37:32.375015 7f5a32fe6700                       Options.wal_recovery_mode: 2
2018/09/24-06:37:32.375036 7f5a32fe6700                  Options.enable_thread_tracking: 0
2018/09/24-06:37:32.375040 7f5a32fe6700                  Options.enable_pipelined_write: 0
2018/09/24-06:37:32.375042 7f5a32fe6700         Options.allow_concurrent_memtable_write: 1
2018/09/24-06:37:32.375044 7f5a32fe6700      Options.enable_write_thread_adaptive_yield: 1
2018/09/24-06:37:32.375046 7f5a32fe6700             Options.write_thread_max_yield_usec: 100
2018/09/24-06:37:32.375048 7f5a32fe6700            Options.write_thread_slow_yield_usec: 3
2018/09/24-06:37:32.375050 7f5a32fe6700                               Options.row_cache: None
2018/09/24-06:37:32.375052 7f5a32fe6700                              Options.wal_filter: None
2018/09/24-06:37:32.375054 7f5a32fe6700             Options.avoid_flush_during_recovery: 0
2018/09/24-06:37:32.375057 7f5a32fe6700             Options.allow_ingest_behind: 0
2018/09/24-06:37:32.375059 7f5a32fe6700             Options.concurrent_prepare: 0
2018/09/24-06:37:32.375061 7f5a32fe6700             Options.manual_wal_flush: 0
2018/09/24-06:37:32.375063 7f5a32fe6700             Options.max_background_jobs: 2
2018/09/24-06:37:32.375066 7f5a32fe6700             Options.max_background_compactions: -1
2018/09/24-06:37:32.375068 7f5a32fe6700             Options.avoid_flush_during_shutdown: 0
2018/09/24-06:37:32.375070 7f5a32fe6700             Options.delayed_write_rate : 16777216
2018/09/24-06:37:32.375072 7f5a32fe6700             Options.max_total_wal_size: 0
2018/09/24-06:37:32.375075 7f5a32fe6700             Options.delete_obsolete_files_period_micros: 21600000000
2018/09/24-06:37:32.375077 7f5a32fe6700                   Options.stats_dump_period_sec: 600
2018/09/24-06:37:32.375079 7f5a32fe6700                          Options.max_open_files: -1
2018/09/24-06:37:32.375081 7f5a32fe6700 Compression algorithms supported:
2018/09/24-06:37:32.375083 7f5a32fe6700 	Snappy supported: 1
2018/09/24-06:37:32.375086 7f5a32fe6700 	Zlib supported: 1
2018/09/24-06:37:32.375088 7f5a32fe6700 	Bzip supported: 1
2018/09/24-06:37:32.375090 7f5a32fe6700 	LZ4 supported: 1
2018/09/24-06:37:32.375092 7f5a32fe6700 	ZSTD supported: 1
2018/09/24-06:37:32.375095 7f5a32fe6700 Fast CRC32 supported: 0
2018/09/24-06:37:32.375230 7f5a32fe6700 [db/db_impl_open.cc:216] Creating manifest 1 
2018/09/24-06:37:32.646604 7f5a32fe6700 [db/version_set.cc:2712] Recovering from manifest file: MANIFEST-000001
2018/09/24-06:37:32.646680 7f5a32fe6700 [db/column_family.cc:413] --------------- Options for column family [default]:
2018/09/24-06:37:32.646685 7f5a32fe6700               Options.comparator: leveldb.BytewiseComparator
2018/09/24-06:37:32.646688 7f5a32fe6700           Options.merge_operator: None
2018/09/24-06:37:32.646690 7f5a32fe6700        Options.compaction_filter: None
2018/09/24-06:37:32.646692 7f5a32fe6700        Options.compaction_filter_factory: None
2018/09/24-06:37:32.646695 7f5a32fe6700         Options.memtable_factory: SkipListFactory
2018/09/24-06:37:32.646697 7f5a32fe6700            Options.table_factory: BlockBasedTable
2018/09/24-06:37:32.646735 7f5a32fe6700            table_factory options:   flush_block_policy_factory: FlushBlockBySizePolicyFactory (0x7f5a2c8403b0)
  cache_index_and_filter_blocks: 0
  cache_index_and_filter_blocks_with_high_priority: 0
  pin_l0_filter_and_index_blocks_in_cache: 0
  index_type: 2
  hash_index_allow_collision: 1
  checksum: 1
  no_block_cache: 0
  block_cache: 0x7f5a2c849ef8
  block_cache_name: LRUCache
  block_cache_options:
    capacity : 104857600
    num_shard_bits : 6
    strict_capacity_limit : 0
    high_pri_pool_ratio: 0.000
  block_cache_compressed: (nil)
  persistent_cache: (nil)
  block_size: 262144
  block_size_deviation: 10
  block_restart_interval: 16
  index_block_restart_interval: 1
  filter_policy: rocksdb.BuiltinBloomFilter
  whole_key_filtering: 1
  format_version: 0
2018/09/24-06:37:32.646740 7f5a32fe6700        Options.write_buffer_size: 52428800
2018/09/24-06:37:32.646743 7f5a32fe6700  Options.max_write_buffer_number: 2
2018/09/24-06:37:32.646770 7f5a32fe6700          Options.compression: Snappy
2018/09/24-06:37:32.646775 7f5a32fe6700                  Options.bottommost_compression: Disabled
2018/09/24-06:37:32.646777 7f5a32fe6700       Options.prefix_extractor: rocksdb.FixedPrefix.4
2018/09/24-06:37:32.646779 7f5a32fe6700   Options.memtable_insert_with_hint_prefix_extractor: nullptr
2018/09/24-06:37:32.646782 7f5a32fe6700             Options.num_levels: 7
2018/09/24-06:37:32.646784 7f5a32fe6700        Options.min_write_buffer_number_to_merge: 1
2018/09/24-06:37:32.646786 7f5a32fe6700     Options.max_write_buffer_number_to_maintain: 0
2018/09/24-06:37:32.646788 7f5a32fe6700            Options.compression_opts.window_bits: -14
2018/09/24-06:37:32.646791 7f5a32fe6700                  Options.compression_opts.level: -1
2018/09/24-06:37:32.646793 7f5a32fe6700               Options.compression_opts.strategy: 0
2018/09/24-06:37:32.646795 7f5a32fe6700         Options.compression_opts.max_dict_bytes: 0
2018/09/24-06:37:32.646797 7f5a32fe6700      Options.level0_file_num_compaction_trigger: 4
2018/09/24-06:37:32.646799 7f5a32fe6700          Options.level0_slowdown_writes_trigger: 20
2018/09/24-06:37:32.646801 7f5a32fe6700              Options.level0_stop_writes_trigger: 36
2018/09/24-06:37:32.646803 7f5a32fe6700                   Options.target_file_size_base: 67108864
2018/09/24-06:37:32.646806 7f5a32fe6700             Options.target_file_size_multiplier: 1
2018/09/24-06:37:32.646808 7f5a32fe6700                Options.max_bytes_for_level_base: 268435456
2018/09/24-06:37:32.646810 7f5a32fe6700 Options.level_compaction_dynamic_level_bytes: 0
2018/09/24-06:37:32.646812 7f5a32fe6700          Options.max_bytes_for_level_multiplier: 10.000000
2018/09/24-06:37:32.646817 7f5a32fe6700 Options.max_bytes_for_level_multiplier_addtl[0]: 1
2018/09/24-06:37:32.646819 7f5a32fe6700 Options.max_bytes_for_level_multiplier_addtl[1]: 1
2018/09/24-06:37:32.646822 7f5a32fe6700 Options.max_bytes_for_level_multiplier_addtl[2]: 1
2018/09/24-06:37:32.646824 7f5a32fe6700 Options.max_bytes_for_level_multiplier_addtl[3]: 1
2018/09/24-06:37:32.646826 7f5a32fe6700 Options.max_bytes_for_level_multiplier_addtl[4]: 1
2018/09/24-06:37:32.646828 7f5a32fe6700 Options.max_bytes_for_level_multiplier_addtl[5]: 1
2018/09/24-06:37:32.646830 7f5a32fe6700 Options.max_bytes_for_level_multiplier_addtl[6]: 1
2018/09/24-06:37:32.646832 7f5a32fe6700       Options.max_sequential_skip_in_iterations: 8
2018/09/24-06:37:32.646834 7f5a32fe6700                    Options.max_compaction_bytes: 1677721600
2018/09/24-06:37:32.646837 7f5a32fe6700                        Options.arena_block_size: 6553600
2018/09/24-06:37:32.646839 7f5a32fe6700   Options.soft_pending_compaction_bytes_limit: 68719476736
2018/09/24-06:37:32.646842 7f5a32fe6700   Options.hard_pending_compaction_bytes_limit: 274877906944
2018/09/24-06:37:32.646844 7f5a32fe6700       Options.rate_limit_delay_max_milliseconds: 100
2018/09/24-06:37:32.646846 7f5a32fe6700                Options.disable_auto_compactions: 0
2018/09/24-06:37:32.646849 7f5a32fe6700                        Options.compaction_style: kCompactionStyleLevel
2018/09/24-06:37:32.646851 7f5a32fe6700                          Options.compaction_pri: kByCompensatedSize
2018/09/24-06:37:32.646853 7f5a32fe6700 Options.compaction_options_universal.size_ratio: 1
2018/09/24-06:37:32.646856 7f5a32fe6700 Options.compaction_options_universal.min_merge_width: 2
2018/09/24-06:37:32.646858 7f5a32fe6700 Options.compaction_options_universal.max_merge_width: 4294967295
2018/09/24-06:37:32.646860 7f5a32fe6700 Options.compaction_options_universal.max_size_amplification_percent: 200
2018/09/24-06:37:32.646862 7f5a32fe6700 Options.compaction_options_universal.compression_size_percent: -1
2018/09/24-06:37:32.646865 7f5a32fe6700 Options.compaction_options_universal.stop_style: kCompactionStopStyleTotalSize
2018/09/24-06:37:32.646867 7f5a32fe6700 Options.compaction_options_fifo.max_table_files_size: 1073741824
2018/09/24-06:37:32.646869 7f5a32fe6700 Options.compaction_options_fifo.allow_compaction: 0
2018/09/24-06:37:32.646888 7f5a32fe6700 Options.compaction_options_fifo.ttl: 0
2018/09/24-06:37:32.646891 7f5a32fe6700                   Options.table_properties_collectors: 
2018/09/24-06:37:32.646893 7f5a32fe6700                   Options.inplace_update_support: 0
2018/09/24-06:37:32.646895 7f5a32fe6700                 Options.inplace_update_num_locks: 10000
2018/09/24-06:37:32.646898 7f5a32fe6700               Options.memtable_prefix_bloom_size_ratio: 0.000000
2018/09/24-06:37:32.646901 7f5a32fe6700   Options.memtable_huge_page_size: 0
2018/09/24-06:37:32.646903 7f5a32fe6700                           Options.bloom_locality: 0
2018/09/24-06:37:32.646905 7f5a32fe6700                    Options.max_successive_merges: 0
2018/09/24-06:37:32.646907 7f5a32fe6700                Options.optimize_filters_for_hits: 0
2018/09/24-06:37:32.646909 7f5a32fe6700                Options.paranoid_file_checks: 0
2018/09/24-06:37:32.646911 7f5a32fe6700                Options.force_consistency_checks: 0
2018/09/24-06:37:32.646914 7f5a32fe6700                Options.report_bg_io_stats: 0
2018/09/24-06:37:32.647949 7f5a32fe6700 [db/version_set.cc:2969] Recovered from manifest file:testDispose//tmp/rdbfactorytest235/MANIFEST-000001 succeeded,manifest_file_number is 1, next_file_number is 3, last_sequence is 0, log_number is 0,prev_log_number is 0,max_column_family is 0
2018/09/24-06:37:32.647957 7f5a32fe6700 [db/version_set.cc:2977] Column family [default] (ID 0), log number is 0
2018/09/24-06:37:32.840616 7f5a32fe6700 [db/db_impl_open.cc:1111] DB pointer 0x7f5a2cc591c0
2018/09/24-06:38:54.943530 7f59da2f9700 [db/db_impl.cc:222] Shutdown: canceling all background work
2018/09/24-06:38:54.943648 7f59da2f9700 [db/db_impl.cc:348] Shutdown complete
