2018/09/24-06:36:24.294463 7f5a32fe6700 RocksDB version: 5.7.3
2018/09/24-06:36:24.294502 7f5a32fe6700 Git sha rocksdb_build_git_sha:
2018/09/24-06:36:24.294506 7f5a32fe6700 Compile date Sep  1 2017
2018/09/24-06:36:24.294509 7f5a32fe6700 DB SUMMARY
2018/09/24-06:36:24.294558 7f5a32fe6700 SST files in testDispose//tmp/rdbfactorytest38 dir, Total Num: 0, files: 
2018/09/24-06:36:24.294563 7f5a32fe6700 Write Ahead Log file in testDispose//tmp/rdbfactorytest38: 
2018/09/24-06:36:24.294566 7f5a32fe6700                         Options.error_if_exists: 0
2018/09/24-06:36:24.294568 7f5a32fe6700                       Options.create_if_missing: 1
2018/09/24-06:36:24.294570 7f5a32fe6700                         Options.paranoid_checks: 1
2018/09/24-06:36:24.294572 7f5a32fe6700                                     Options.env: 0x7f59daf89880
2018/09/24-06:36:24.294574 7f5a32fe6700                                Options.info_log: 0x7f5a2cccadc0
2018/09/24-06:36:24.294576 7f5a32fe6700                Options.max_file_opening_threads: 16
2018/09/24-06:36:24.294578 7f5a32fe6700                               Options.use_fsync: 0
2018/09/24-06:36:24.294580 7f5a32fe6700                       Options.max_log_file_size: 0
2018/09/24-06:36:24.294582 7f5a32fe6700                  Options.max_manifest_file_size: 18446744073709551615
2018/09/24-06:36:24.294584 7f5a32fe6700                   Options.log_file_time_to_roll: 0
2018/09/24-06:36:24.294586 7f5a32fe6700                       Options.keep_log_file_num: 1000
2018/09/24-06:36:24.294587 7f5a32fe6700                    Options.recycle_log_file_num: 0
2018/09/24-06:36:24.294589 7f5a32fe6700                         Options.allow_fallocate: 1
2018/09/24-06:36:24.294591 7f5a32fe6700                        Options.allow_mmap_reads: 0
2018/09/24-06:36:24.294593 7f5a32fe6700                       Options.allow_mmap_writes: 0
2018/09/24-06:36:24.294594 7f5a32fe6700                        Options.use_direct_reads: 0
2018/09/24-06:36:24.294596 7f5a32fe6700                        Options.use_direct_io_for_flush_and_compaction: 0
2018/09/24-06:36:24.294598 7f5a32fe6700          Options.create_missing_column_families: 0
2018/09/24-06:36:24.294600 7f5a32fe6700                              Options.db_log_dir: 
2018/09/24-06:36:24.294601 7f5a32fe6700                                 Options.wal_dir: testDispose//tmp/rdbfactorytest38
2018/09/24-06:36:24.294603 7f5a32fe6700                Options.table_cache_numshardbits: 6
2018/09/24-06:36:24.294605 7f5a32fe6700                      Options.max_subcompactions: 1
2018/09/24-06:36:24.294607 7f5a32fe6700                  Options.max_background_flushes: -1
2018/09/24-06:36:24.294609 7f5a32fe6700                         Options.WAL_ttl_seconds: 0
2018/09/24-06:36:24.294610 7f5a32fe6700                       Options.WAL_size_limit_MB: 0
2018/09/24-06:36:24.294612 7f5a32fe6700             Options.manifest_preallocation_size: 4194304
2018/09/24-06:36:24.294614 7f5a32fe6700                     Options.is_fd_close_on_exec: 1
2018/09/24-06:36:24.294616 7f5a32fe6700                   Options.advise_random_on_open: 1
2018/09/24-06:36:24.294617 7f5a32fe6700                    Options.db_write_buffer_size: 0
2018/09/24-06:36:24.294619 7f5a32fe6700         Options.access_hint_on_compaction_start: 1
2018/09/24-06:36:24.294621 7f5a32fe6700  Options.new_table_reader_for_compaction_inputs: 0
2018/09/24-06:36:24.294623 7f5a32fe6700               Options.compaction_readahead_size: 0
2018/09/24-06:36:24.294624 7f5a32fe6700           Options.random_access_max_buffer_size: 1048576
2018/09/24-06:36:24.294626 7f5a32fe6700           Options.writable_file_max_buffer_size: 1048576
2018/09/24-06:36:24.294628 7f5a32fe6700                      Options.use_adaptive_mutex: 0
2018/09/24-06:36:24.294630 7f5a32fe6700                            Options.rate_limiter: (nil)
2018/09/24-06:36:24.294632 7f5a32fe6700     Options.sst_file_manager.rate_bytes_per_sec: 0
2018/09/24-06:36:24.294634 7f5a32fe6700                          Options.bytes_per_sync: 0
2018/09/24-06:36:24.294636 7f5a32fe6700                      Options.wal_bytes_per_sync: 0
2018/09/24-06:36:24.294637 7f5a32fe6700                       Options.wal_recovery_mode: 2
2018/09/24-06:36:24.294656 7f5a32fe6700                  Options.enable_thread_tracking: 0
2018/09/24-06:36:24.294659 7f5a32fe6700                  Options.enable_pipelined_write: 0
2018/09/24-06:36:24.294661 7f5a32fe6700         Options.allow_concurrent_memtable_write: 1
2018/09/24-06:36:24.294662 7f5a32fe6700      Options.enable_write_thread_adaptive_yield: 1
2018/09/24-06:36:24.294664 7f5a32fe6700             Options.write_thread_max_yield_usec: 100
2018/09/24-06:36:24.294666 7f5a32fe6700            Options.write_thread_slow_yield_usec: 3
2018/09/24-06:36:24.294668 7f5a32fe6700                               Options.row_cache: None
2018/09/24-06:36:24.294669 7f5a32fe6700                              Options.wal_filter: None
2018/09/24-06:36:24.294671 7f5a32fe6700             Options.avoid_flush_during_recovery: 0
2018/09/24-06:36:24.294673 7f5a32fe6700             Options.allow_ingest_behind: 0
2018/09/24-06:36:24.294675 7f5a32fe6700             Options.concurrent_prepare: 0
2018/09/24-06:36:24.294677 7f5a32fe6700             Options.manual_wal_flush: 0
2018/09/24-06:36:24.294679 7f5a32fe6700             Options.max_background_jobs: 2
2018/09/24-06:36:24.294680 7f5a32fe6700             Options.max_background_compactions: -1
2018/09/24-06:36:24.294682 7f5a32fe6700             Options.avoid_flush_during_shutdown: 0
2018/09/24-06:36:24.294684 7f5a32fe6700             Options.delayed_write_rate : 16777216
2018/09/24-06:36:24.294686 7f5a32fe6700             Options.max_total_wal_size: 0
2018/09/24-06:36:24.294688 7f5a32fe6700             Options.delete_obsolete_files_period_micros: 21600000000
2018/09/24-06:36:24.294690 7f5a32fe6700                   Options.stats_dump_period_sec: 600
2018/09/24-06:36:24.294692 7f5a32fe6700                          Options.max_open_files: -1
2018/09/24-06:36:24.294694 7f5a32fe6700 Compression algorithms supported:
2018/09/24-06:36:24.294695 7f5a32fe6700 	Snappy supported: 1
2018/09/24-06:36:24.294697 7f5a32fe6700 	Zlib supported: 1
2018/09/24-06:36:24.294699 7f5a32fe6700 	Bzip supported: 1
2018/09/24-06:36:24.294701 7f5a32fe6700 	LZ4 supported: 1
2018/09/24-06:36:24.294703 7f5a32fe6700 	ZSTD supported: 1
2018/09/24-06:36:24.294705 7f5a32fe6700 Fast CRC32 supported: 0
2018/09/24-06:36:24.294822 7f5a32fe6700 [db/db_impl_open.cc:216] Creating manifest 1 
2018/09/24-06:36:24.507299 7f5a32fe6700 [db/version_set.cc:2712] Recovering from manifest file: MANIFEST-000001
2018/09/24-06:36:24.507380 7f5a32fe6700 [db/column_family.cc:413] --------------- Options for column family [default]:
2018/09/24-06:36:24.507385 7f5a32fe6700               Options.comparator: leveldb.BytewiseComparator
2018/09/24-06:36:24.507387 7f5a32fe6700           Options.merge_operator: None
2018/09/24-06:36:24.507389 7f5a32fe6700        Options.compaction_filter: None
2018/09/24-06:36:24.507391 7f5a32fe6700        Options.compaction_filter_factory: None
2018/09/24-06:36:24.507393 7f5a32fe6700         Options.memtable_factory: SkipListFactory
2018/09/24-06:36:24.507395 7f5a32fe6700            Options.table_factory: BlockBasedTable
2018/09/24-06:36:24.507436 7f5a32fe6700            table_factory options:   flush_block_policy_factory: FlushBlockBySizePolicyFactory (0x7f5a2c8403b0)
  cache_index_and_filter_blocks: 0
  cache_index_and_filter_blocks_with_high_priority: 0
  pin_l0_filter_and_index_blocks_in_cache: 0
  index_type: 2
  hash_index_allow_collision: 1
  checksum: 1
  no_block_cache: 0
  block_cache: 0x7f5a2c849ef8
  block_cache_name: LRUCache
  block_cache_options:
    capacity : 104857600
    num_shard_bits : 6
    strict_capacity_limit : 0
    high_pri_pool_ratio: 0.000
  block_cache_compressed: (nil)
  persistent_cache: (nil)
  block_size: 262144
  block_size_deviation: 10
  block_restart_interval: 16
  index_block_restart_interval: 1
  filter_policy: rocksdb.BuiltinBloomFilter
  whole_key_filtering: 1
  format_version: 0
2018/09/24-06:36:24.507441 7f5a32fe6700        Options.write_buffer_size: 52428800
2018/09/24-06:36:24.507443 7f5a32fe6700  Options.max_write_buffer_number: 2
2018/09/24-06:36:24.507466 7f5a32fe6700          Options.compression: Snappy
2018/09/24-06:36:24.507470 7f5a32fe6700                  Options.bottommost_compression: Disabled
2018/09/24-06:36:24.507472 7f5a32fe6700       Options.prefix_extractor: rocksdb.FixedPrefix.4
2018/09/24-06:36:24.507474 7f5a32fe6700   Options.memtable_insert_with_hint_prefix_extractor: nullptr
2018/09/24-06:36:24.507476 7f5a32fe6700             Options.num_levels: 7
2018/09/24-06:36:24.507478 7f5a32fe6700        Options.min_write_buffer_number_to_merge: 1
2018/09/24-06:36:24.507480 7f5a32fe6700     Options.max_write_buffer_number_to_maintain: 0
2018/09/24-06:36:24.507482 7f5a32fe6700            Options.compression_opts.window_bits: -14
2018/09/24-06:36:24.507484 7f5a32fe6700                  Options.compression_opts.level: -1
2018/09/24-06:36:24.507486 7f5a32fe6700               Options.compression_opts.strategy: 0
2018/09/24-06:36:24.507487 7f5a32fe6700         Options.compression_opts.max_dict_bytes: 0
2018/09/24-06:36:24.507489 7f5a32fe6700      Options.level0_file_num_compaction_trigger: 4
2018/09/24-06:36:24.507491 7f5a32fe6700          Options.level0_slowdown_writes_trigger: 20
2018/09/24-06:36:24.507493 7f5a32fe6700              Options.level0_stop_writes_trigger: 36
2018/09/24-06:36:24.507495 7f5a32fe6700                   Options.target_file_size_base: 67108864
2018/09/24-06:36:24.507497 7f5a32fe6700             Options.target_file_size_multiplier: 1
2018/09/24-06:36:24.507499 7f5a32fe6700                Options.max_bytes_for_level_base: 268435456
2018/09/24-06:36:24.507501 7f5a32fe6700 Options.level_compaction_dynamic_level_bytes: 0
2018/09/24-06:36:24.507502 7f5a32fe6700          Options.max_bytes_for_level_multiplier: 10.000000
2018/09/24-06:36:24.507507 7f5a32fe6700 Options.max_bytes_for_level_multiplier_addtl[0]: 1
2018/09/24-06:36:24.507509 7f5a32fe6700 Options.max_bytes_for_level_multiplier_addtl[1]: 1
2018/09/24-06:36:24.507511 7f5a32fe6700 Options.max_bytes_for_level_multiplier_addtl[2]: 1
2018/09/24-06:36:24.507513 7f5a32fe6700 Options.max_bytes_for_level_multiplier_addtl[3]: 1
2018/09/24-06:36:24.507514 7f5a32fe6700 Options.max_bytes_for_level_multiplier_addtl[4]: 1
2018/09/24-06:36:24.507516 7f5a32fe6700 Options.max_bytes_for_level_multiplier_addtl[5]: 1
2018/09/24-06:36:24.507518 7f5a32fe6700 Options.max_bytes_for_level_multiplier_addtl[6]: 1
2018/09/24-06:36:24.507520 7f5a32fe6700       Options.max_sequential_skip_in_iterations: 8
2018/09/24-06:36:24.507522 7f5a32fe6700                    Options.max_compaction_bytes: 1677721600
2018/09/24-06:36:24.507524 7f5a32fe6700                        Options.arena_block_size: 6553600
2018/09/24-06:36:24.507525 7f5a32fe6700   Options.soft_pending_compaction_bytes_limit: 68719476736
2018/09/24-06:36:24.507528 7f5a32fe6700   Options.hard_pending_compaction_bytes_limit: 274877906944
2018/09/24-06:36:24.507529 7f5a32fe6700       Options.rate_limit_delay_max_milliseconds: 100
2018/09/24-06:36:24.507531 7f5a32fe6700                Options.disable_auto_compactions: 0
2018/09/24-06:36:24.507534 7f5a32fe6700                        Options.compaction_style: kCompactionStyleLevel
2018/09/24-06:36:24.507536 7f5a32fe6700                          Options.compaction_pri: kByCompensatedSize
2018/09/24-06:36:24.507538 7f5a32fe6700 Options.compaction_options_universal.size_ratio: 1
2018/09/24-06:36:24.507539 7f5a32fe6700 Options.compaction_options_universal.min_merge_width: 2
2018/09/24-06:36:24.507541 7f5a32fe6700 Options.compaction_options_universal.max_merge_width: 4294967295
2018/09/24-06:36:24.507543 7f5a32fe6700 Options.compaction_options_universal.max_size_amplification_percent: 200
2018/09/24-06:36:24.507545 7f5a32fe6700 Options.compaction_options_universal.compression_size_percent: -1
2018/09/24-06:36:24.507547 7f5a32fe6700 Options.compaction_options_universal.stop_style: kCompactionStopStyleTotalSize
2018/09/24-06:36:24.507549 7f5a32fe6700 Options.compaction_options_fifo.max_table_files_size: 1073741824
2018/09/24-06:36:24.507551 7f5a32fe6700 Options.compaction_options_fifo.allow_compaction: 0
2018/09/24-06:36:24.507567 7f5a32fe6700 Options.compaction_options_fifo.ttl: 0
2018/09/24-06:36:24.507570 7f5a32fe6700                   Options.table_properties_collectors: 
2018/09/24-06:36:24.507572 7f5a32fe6700                   Options.inplace_update_support: 0
2018/09/24-06:36:24.507574 7f5a32fe6700                 Options.inplace_update_num_locks: 10000
2018/09/24-06:36:24.507575 7f5a32fe6700               Options.memtable_prefix_bloom_size_ratio: 0.000000
2018/09/24-06:36:24.507578 7f5a32fe6700   Options.memtable_huge_page_size: 0
2018/09/24-06:36:24.507580 7f5a32fe6700                           Options.bloom_locality: 0
2018/09/24-06:36:24.507582 7f5a32fe6700                    Options.max_successive_merges: 0
2018/09/24-06:36:24.507584 7f5a32fe6700                Options.optimize_filters_for_hits: 0
2018/09/24-06:36:24.507585 7f5a32fe6700                Options.paranoid_file_checks: 0
2018/09/24-06:36:24.507587 7f5a32fe6700                Options.force_consistency_checks: 0
2018/09/24-06:36:24.507589 7f5a32fe6700                Options.report_bg_io_stats: 0
2018/09/24-06:36:24.508500 7f5a32fe6700 [db/version_set.cc:2969] Recovered from manifest file:testDispose//tmp/rdbfactorytest38/MANIFEST-000001 succeeded,manifest_file_number is 1, next_file_number is 3, last_sequence is 0, log_number is 0,prev_log_number is 0,max_column_family is 0
2018/09/24-06:36:24.508507 7f5a32fe6700 [db/version_set.cc:2977] Column family [default] (ID 0), log number is 0
2018/09/24-06:36:24.666275 7f5a32fe6700 [db/db_impl_open.cc:1111] DB pointer 0x7f5a2ccca010
2018/09/24-06:37:36.640582 7f5a32fe6700 [db/db_impl.cc:222] Shutdown: canceling all background work
2018/09/24-06:37:36.640746 7f5a32fe6700 [db/db_impl.cc:348] Shutdown complete
