2018/09/24-08:42:27.334322 7f6520ea5700 RocksDB version: 5.7.3
2018/09/24-08:42:27.334368 7f6520ea5700 Git sha rocksdb_build_git_sha:
2018/09/24-08:42:27.334372 7f6520ea5700 Compile date Sep  1 2017
2018/09/24-08:42:27.334375 7f6520ea5700 DB SUMMARY
2018/09/24-08:42:27.334423 7f6520ea5700 SST files in testDispose//tmp/rdbfactorytest263 dir, Total Num: 0, files: 
2018/09/24-08:42:27.334428 7f6520ea5700 Write Ahead Log file in testDispose//tmp/rdbfactorytest263: 
2018/09/24-08:42:27.334431 7f6520ea5700                         Options.error_if_exists: 0
2018/09/24-08:42:27.334433 7f6520ea5700                       Options.create_if_missing: 1
2018/09/24-08:42:27.334435 7f6520ea5700                         Options.paranoid_checks: 1
2018/09/24-08:42:27.334437 7f6520ea5700                                     Options.env: 0x7f64eca48880
2018/09/24-08:42:27.334439 7f6520ea5700                                Options.info_log: 0x7f6519409a40
2018/09/24-08:42:27.334441 7f6520ea5700                Options.max_file_opening_threads: 16
2018/09/24-08:42:27.334443 7f6520ea5700                               Options.use_fsync: 0
2018/09/24-08:42:27.334445 7f6520ea5700                       Options.max_log_file_size: 0
2018/09/24-08:42:27.334447 7f6520ea5700                  Options.max_manifest_file_size: 18446744073709551615
2018/09/24-08:42:27.334449 7f6520ea5700                   Options.log_file_time_to_roll: 0
2018/09/24-08:42:27.334451 7f6520ea5700                       Options.keep_log_file_num: 1000
2018/09/24-08:42:27.334453 7f6520ea5700                    Options.recycle_log_file_num: 0
2018/09/24-08:42:27.334455 7f6520ea5700                         Options.allow_fallocate: 1
2018/09/24-08:42:27.334457 7f6520ea5700                        Options.allow_mmap_reads: 0
2018/09/24-08:42:27.334458 7f6520ea5700                       Options.allow_mmap_writes: 0
2018/09/24-08:42:27.334460 7f6520ea5700                        Options.use_direct_reads: 0
2018/09/24-08:42:27.334462 7f6520ea5700                        Options.use_direct_io_for_flush_and_compaction: 0
2018/09/24-08:42:27.334464 7f6520ea5700          Options.create_missing_column_families: 0
2018/09/24-08:42:27.334466 7f6520ea5700                              Options.db_log_dir: 
2018/09/24-08:42:27.334468 7f6520ea5700                                 Options.wal_dir: testDispose//tmp/rdbfactorytest263
2018/09/24-08:42:27.334469 7f6520ea5700                Options.table_cache_numshardbits: 6
2018/09/24-08:42:27.334471 7f6520ea5700                      Options.max_subcompactions: 1
2018/09/24-08:42:27.334473 7f6520ea5700                  Options.max_background_flushes: -1
2018/09/24-08:42:27.334475 7f6520ea5700                         Options.WAL_ttl_seconds: 0
2018/09/24-08:42:27.334477 7f6520ea5700                       Options.WAL_size_limit_MB: 0
2018/09/24-08:42:27.334479 7f6520ea5700             Options.manifest_preallocation_size: 4194304
2018/09/24-08:42:27.334481 7f6520ea5700                     Options.is_fd_close_on_exec: 1
2018/09/24-08:42:27.334483 7f6520ea5700                   Options.advise_random_on_open: 1
2018/09/24-08:42:27.334484 7f6520ea5700                    Options.db_write_buffer_size: 0
2018/09/24-08:42:27.334486 7f6520ea5700         Options.access_hint_on_compaction_start: 1
2018/09/24-08:42:27.334488 7f6520ea5700  Options.new_table_reader_for_compaction_inputs: 0
2018/09/24-08:42:27.334490 7f6520ea5700               Options.compaction_readahead_size: 0
2018/09/24-08:42:27.334492 7f6520ea5700           Options.random_access_max_buffer_size: 1048576
2018/09/24-08:42:27.334494 7f6520ea5700           Options.writable_file_max_buffer_size: 1048576
2018/09/24-08:42:27.334495 7f6520ea5700                      Options.use_adaptive_mutex: 0
2018/09/24-08:42:27.334497 7f6520ea5700                            Options.rate_limiter: (nil)
2018/09/24-08:42:27.334499 7f6520ea5700     Options.sst_file_manager.rate_bytes_per_sec: 0
2018/09/24-08:42:27.334501 7f6520ea5700                          Options.bytes_per_sync: 0
2018/09/24-08:42:27.334503 7f6520ea5700                      Options.wal_bytes_per_sync: 0
2018/09/24-08:42:27.334505 7f6520ea5700                       Options.wal_recovery_mode: 2
2018/09/24-08:42:27.334526 7f6520ea5700                  Options.enable_thread_tracking: 0
2018/09/24-08:42:27.334530 7f6520ea5700                  Options.enable_pipelined_write: 0
2018/09/24-08:42:27.334532 7f6520ea5700         Options.allow_concurrent_memtable_write: 1
2018/09/24-08:42:27.334533 7f6520ea5700      Options.enable_write_thread_adaptive_yield: 1
2018/09/24-08:42:27.334535 7f6520ea5700             Options.write_thread_max_yield_usec: 100
2018/09/24-08:42:27.334537 7f6520ea5700            Options.write_thread_slow_yield_usec: 3
2018/09/24-08:42:27.334539 7f6520ea5700                               Options.row_cache: None
2018/09/24-08:42:27.334541 7f6520ea5700                              Options.wal_filter: None
2018/09/24-08:42:27.334543 7f6520ea5700             Options.avoid_flush_during_recovery: 0
2018/09/24-08:42:27.334544 7f6520ea5700             Options.allow_ingest_behind: 0
2018/09/24-08:42:27.334546 7f6520ea5700             Options.concurrent_prepare: 0
2018/09/24-08:42:27.334548 7f6520ea5700             Options.manual_wal_flush: 0
2018/09/24-08:42:27.334550 7f6520ea5700             Options.max_background_jobs: 2
2018/09/24-08:42:27.334552 7f6520ea5700             Options.max_background_compactions: -1
2018/09/24-08:42:27.334554 7f6520ea5700             Options.avoid_flush_during_shutdown: 0
2018/09/24-08:42:27.334556 7f6520ea5700             Options.delayed_write_rate : 16777216
2018/09/24-08:42:27.334558 7f6520ea5700             Options.max_total_wal_size: 0
2018/09/24-08:42:27.334560 7f6520ea5700             Options.delete_obsolete_files_period_micros: 21600000000
2018/09/24-08:42:27.334562 7f6520ea5700                   Options.stats_dump_period_sec: 600
2018/09/24-08:42:27.334564 7f6520ea5700                          Options.max_open_files: -1
2018/09/24-08:42:27.334566 7f6520ea5700 Compression algorithms supported:
2018/09/24-08:42:27.334568 7f6520ea5700 	Snappy supported: 1
2018/09/24-08:42:27.334570 7f6520ea5700 	Zlib supported: 1
2018/09/24-08:42:27.334572 7f6520ea5700 	Bzip supported: 1
2018/09/24-08:42:27.334573 7f6520ea5700 	LZ4 supported: 1
2018/09/24-08:42:27.334575 7f6520ea5700 	ZSTD supported: 1
2018/09/24-08:42:27.334577 7f6520ea5700 Fast CRC32 supported: 0
2018/09/24-08:42:27.334702 7f6520ea5700 [db/db_impl_open.cc:216] Creating manifest 1 
2018/09/24-08:42:27.491224 7f6520ea5700 [db/version_set.cc:2712] Recovering from manifest file: MANIFEST-000001
2018/09/24-08:42:27.491307 7f6520ea5700 [db/column_family.cc:413] --------------- Options for column family [default]:
2018/09/24-08:42:27.491312 7f6520ea5700               Options.comparator: leveldb.BytewiseComparator
2018/09/24-08:42:27.491314 7f6520ea5700           Options.merge_operator: None
2018/09/24-08:42:27.491316 7f6520ea5700        Options.compaction_filter: None
2018/09/24-08:42:27.491318 7f6520ea5700        Options.compaction_filter_factory: None
2018/09/24-08:42:27.491320 7f6520ea5700         Options.memtable_factory: SkipListFactory
2018/09/24-08:42:27.491322 7f6520ea5700            Options.table_factory: BlockBasedTable
2018/09/24-08:42:27.491359 7f6520ea5700            table_factory options:   flush_block_policy_factory: FlushBlockBySizePolicyFactory (0x7f651885eec0)
  cache_index_and_filter_blocks: 0
  cache_index_and_filter_blocks_with_high_priority: 0
  pin_l0_filter_and_index_blocks_in_cache: 0
  index_type: 2
  hash_index_allow_collision: 1
  checksum: 1
  no_block_cache: 0
  block_cache: 0x7f651885c9b8
  block_cache_name: LRUCache
  block_cache_options:
    capacity : 104857600
    num_shard_bits : 6
    strict_capacity_limit : 0
    high_pri_pool_ratio: 0.000
  block_cache_compressed: (nil)
  persistent_cache: (nil)
  block_size: 262144
  block_size_deviation: 10
  block_restart_interval: 16
  index_block_restart_interval: 1
  filter_policy: rocksdb.BuiltinBloomFilter
  whole_key_filtering: 1
  format_version: 0
2018/09/24-08:42:27.491365 7f6520ea5700        Options.write_buffer_size: 52428800
2018/09/24-08:42:27.491367 7f6520ea5700  Options.max_write_buffer_number: 2
2018/09/24-08:42:27.491395 7f6520ea5700          Options.compression: Snappy
2018/09/24-08:42:27.491399 7f6520ea5700                  Options.bottommost_compression: Disabled
2018/09/24-08:42:27.491402 7f6520ea5700       Options.prefix_extractor: rocksdb.FixedPrefix.4
2018/09/24-08:42:27.491404 7f6520ea5700   Options.memtable_insert_with_hint_prefix_extractor: nullptr
2018/09/24-08:42:27.491406 7f6520ea5700             Options.num_levels: 7
2018/09/24-08:42:27.491408 7f6520ea5700        Options.min_write_buffer_number_to_merge: 1
2018/09/24-08:42:27.491409 7f6520ea5700     Options.max_write_buffer_number_to_maintain: 0
2018/09/24-08:42:27.491412 7f6520ea5700            Options.compression_opts.window_bits: -14
2018/09/24-08:42:27.491414 7f6520ea5700                  Options.compression_opts.level: -1
2018/09/24-08:42:27.491415 7f6520ea5700               Options.compression_opts.strategy: 0
2018/09/24-08:42:27.491417 7f6520ea5700         Options.compression_opts.max_dict_bytes: 0
2018/09/24-08:42:27.491419 7f6520ea5700      Options.level0_file_num_compaction_trigger: 4
2018/09/24-08:42:27.491421 7f6520ea5700          Options.level0_slowdown_writes_trigger: 20
2018/09/24-08:42:27.491423 7f6520ea5700              Options.level0_stop_writes_trigger: 36
2018/09/24-08:42:27.491425 7f6520ea5700                   Options.target_file_size_base: 67108864
2018/09/24-08:42:27.491427 7f6520ea5700             Options.target_file_size_multiplier: 1
2018/09/24-08:42:27.491429 7f6520ea5700                Options.max_bytes_for_level_base: 268435456
2018/09/24-08:42:27.491431 7f6520ea5700 Options.level_compaction_dynamic_level_bytes: 0
2018/09/24-08:42:27.491433 7f6520ea5700          Options.max_bytes_for_level_multiplier: 10.000000
2018/09/24-08:42:27.491437 7f6520ea5700 Options.max_bytes_for_level_multiplier_addtl[0]: 1
2018/09/24-08:42:27.491439 7f6520ea5700 Options.max_bytes_for_level_multiplier_addtl[1]: 1
2018/09/24-08:42:27.491441 7f6520ea5700 Options.max_bytes_for_level_multiplier_addtl[2]: 1
2018/09/24-08:42:27.491443 7f6520ea5700 Options.max_bytes_for_level_multiplier_addtl[3]: 1
2018/09/24-08:42:27.491445 7f6520ea5700 Options.max_bytes_for_level_multiplier_addtl[4]: 1
2018/09/24-08:42:27.491447 7f6520ea5700 Options.max_bytes_for_level_multiplier_addtl[5]: 1
2018/09/24-08:42:27.491449 7f6520ea5700 Options.max_bytes_for_level_multiplier_addtl[6]: 1
2018/09/24-08:42:27.491451 7f6520ea5700       Options.max_sequential_skip_in_iterations: 8
2018/09/24-08:42:27.491453 7f6520ea5700                    Options.max_compaction_bytes: 1677721600
2018/09/24-08:42:27.491455 7f6520ea5700                        Options.arena_block_size: 6553600
2018/09/24-08:42:27.491457 7f6520ea5700   Options.soft_pending_compaction_bytes_limit: 68719476736
2018/09/24-08:42:27.491459 7f6520ea5700   Options.hard_pending_compaction_bytes_limit: 274877906944
2018/09/24-08:42:27.491461 7f6520ea5700       Options.rate_limit_delay_max_milliseconds: 100
2018/09/24-08:42:27.491463 7f6520ea5700                Options.disable_auto_compactions: 0
2018/09/24-08:42:27.491465 7f6520ea5700                        Options.compaction_style: kCompactionStyleLevel
2018/09/24-08:42:27.491467 7f6520ea5700                          Options.compaction_pri: kByCompensatedSize
2018/09/24-08:42:27.491469 7f6520ea5700 Options.compaction_options_universal.size_ratio: 1
2018/09/24-08:42:27.491471 7f6520ea5700 Options.compaction_options_universal.min_merge_width: 2
2018/09/24-08:42:27.491473 7f6520ea5700 Options.compaction_options_universal.max_merge_width: 4294967295
2018/09/24-08:42:27.491475 7f6520ea5700 Options.compaction_options_universal.max_size_amplification_percent: 200
2018/09/24-08:42:27.491477 7f6520ea5700 Options.compaction_options_universal.compression_size_percent: -1
2018/09/24-08:42:27.491479 7f6520ea5700 Options.compaction_options_universal.stop_style: kCompactionStopStyleTotalSize
2018/09/24-08:42:27.491481 7f6520ea5700 Options.compaction_options_fifo.max_table_files_size: 1073741824
2018/09/24-08:42:27.491483 7f6520ea5700 Options.compaction_options_fifo.allow_compaction: 0
2018/09/24-08:42:27.491501 7f6520ea5700 Options.compaction_options_fifo.ttl: 0
2018/09/24-08:42:27.491505 7f6520ea5700                   Options.table_properties_collectors: 
2018/09/24-08:42:27.491507 7f6520ea5700                   Options.inplace_update_support: 0
2018/09/24-08:42:27.491509 7f6520ea5700                 Options.inplace_update_num_locks: 10000
2018/09/24-08:42:27.491510 7f6520ea5700               Options.memtable_prefix_bloom_size_ratio: 0.000000
2018/09/24-08:42:27.491513 7f6520ea5700   Options.memtable_huge_page_size: 0
2018/09/24-08:42:27.491516 7f6520ea5700                           Options.bloom_locality: 0
2018/09/24-08:42:27.491517 7f6520ea5700                    Options.max_successive_merges: 0
2018/09/24-08:42:27.491519 7f6520ea5700                Options.optimize_filters_for_hits: 0
2018/09/24-08:42:27.491521 7f6520ea5700                Options.paranoid_file_checks: 0
2018/09/24-08:42:27.491523 7f6520ea5700                Options.force_consistency_checks: 0
2018/09/24-08:42:27.491525 7f6520ea5700                Options.report_bg_io_stats: 0
2018/09/24-08:42:27.492571 7f6520ea5700 [db/version_set.cc:2969] Recovered from manifest file:testDispose//tmp/rdbfactorytest263/MANIFEST-000001 succeeded,manifest_file_number is 1, next_file_number is 3, last_sequence is 0, log_number is 0,prev_log_number is 0,max_column_family is 0
2018/09/24-08:42:27.492579 7f6520ea5700 [db/version_set.cc:2977] Column family [default] (ID 0), log number is 0
2018/09/24-08:42:27.599177 7f6520ea5700 [db/db_impl_open.cc:1111] DB pointer 0x7f65193b87e0
2018/09/24-08:43:11.050438 7f64d81b8700 [db/db_impl.cc:222] Shutdown: canceling all background work
2018/09/24-08:43:11.050570 7f64d81b8700 [db/db_impl.cc:348] Shutdown complete
