2018/09/24-08:41:19.928826 7f6520ea5700 RocksDB version: 5.7.3
2018/09/24-08:41:19.928860 7f6520ea5700 Git sha rocksdb_build_git_sha:
2018/09/24-08:41:19.928863 7f6520ea5700 Compile date Sep  1 2017
2018/09/24-08:41:19.928864 7f6520ea5700 DB SUMMARY
2018/09/24-08:41:19.928904 7f6520ea5700 SST files in testDispose//tmp/rdbfactorytest57 dir, Total Num: 0, files: 
2018/09/24-08:41:19.928907 7f6520ea5700 Write Ahead Log file in testDispose//tmp/rdbfactorytest57: 
2018/09/24-08:41:19.928909 7f6520ea5700                         Options.error_if_exists: 0
2018/09/24-08:41:19.928911 7f6520ea5700                       Options.create_if_missing: 1
2018/09/24-08:41:19.928912 7f6520ea5700                         Options.paranoid_checks: 1
2018/09/24-08:41:19.928913 7f6520ea5700                                     Options.env: 0x7f64eca48880
2018/09/24-08:41:19.928914 7f6520ea5700                                Options.info_log: 0x7f6518f325c0
2018/09/24-08:41:19.928915 7f6520ea5700                Options.max_file_opening_threads: 16
2018/09/24-08:41:19.928917 7f6520ea5700                               Options.use_fsync: 0
2018/09/24-08:41:19.928918 7f6520ea5700                       Options.max_log_file_size: 0
2018/09/24-08:41:19.928919 7f6520ea5700                  Options.max_manifest_file_size: 18446744073709551615
2018/09/24-08:41:19.928920 7f6520ea5700                   Options.log_file_time_to_roll: 0
2018/09/24-08:41:19.928921 7f6520ea5700                       Options.keep_log_file_num: 1000
2018/09/24-08:41:19.928922 7f6520ea5700                    Options.recycle_log_file_num: 0
2018/09/24-08:41:19.928923 7f6520ea5700                         Options.allow_fallocate: 1
2018/09/24-08:41:19.928924 7f6520ea5700                        Options.allow_mmap_reads: 0
2018/09/24-08:41:19.928925 7f6520ea5700                       Options.allow_mmap_writes: 0
2018/09/24-08:41:19.928926 7f6520ea5700                        Options.use_direct_reads: 0
2018/09/24-08:41:19.928927 7f6520ea5700                        Options.use_direct_io_for_flush_and_compaction: 0
2018/09/24-08:41:19.928928 7f6520ea5700          Options.create_missing_column_families: 0
2018/09/24-08:41:19.928929 7f6520ea5700                              Options.db_log_dir: 
2018/09/24-08:41:19.928930 7f6520ea5700                                 Options.wal_dir: testDispose//tmp/rdbfactorytest57
2018/09/24-08:41:19.928932 7f6520ea5700                Options.table_cache_numshardbits: 6
2018/09/24-08:41:19.928933 7f6520ea5700                      Options.max_subcompactions: 1
2018/09/24-08:41:19.928934 7f6520ea5700                  Options.max_background_flushes: -1
2018/09/24-08:41:19.928935 7f6520ea5700                         Options.WAL_ttl_seconds: 0
2018/09/24-08:41:19.928936 7f6520ea5700                       Options.WAL_size_limit_MB: 0
2018/09/24-08:41:19.928937 7f6520ea5700             Options.manifest_preallocation_size: 4194304
2018/09/24-08:41:19.928938 7f6520ea5700                     Options.is_fd_close_on_exec: 1
2018/09/24-08:41:19.928939 7f6520ea5700                   Options.advise_random_on_open: 1
2018/09/24-08:41:19.928940 7f6520ea5700                    Options.db_write_buffer_size: 0
2018/09/24-08:41:19.928941 7f6520ea5700         Options.access_hint_on_compaction_start: 1
2018/09/24-08:41:19.928942 7f6520ea5700  Options.new_table_reader_for_compaction_inputs: 0
2018/09/24-08:41:19.928943 7f6520ea5700               Options.compaction_readahead_size: 0
2018/09/24-08:41:19.928944 7f6520ea5700           Options.random_access_max_buffer_size: 1048576
2018/09/24-08:41:19.928945 7f6520ea5700           Options.writable_file_max_buffer_size: 1048576
2018/09/24-08:41:19.928946 7f6520ea5700                      Options.use_adaptive_mutex: 0
2018/09/24-08:41:19.928947 7f6520ea5700                            Options.rate_limiter: (nil)
2018/09/24-08:41:19.928949 7f6520ea5700     Options.sst_file_manager.rate_bytes_per_sec: 0
2018/09/24-08:41:19.928950 7f6520ea5700                          Options.bytes_per_sync: 0
2018/09/24-08:41:19.928951 7f6520ea5700                      Options.wal_bytes_per_sync: 0
2018/09/24-08:41:19.928952 7f6520ea5700                       Options.wal_recovery_mode: 2
2018/09/24-08:41:19.928965 7f6520ea5700                  Options.enable_thread_tracking: 0
2018/09/24-08:41:19.928967 7f6520ea5700                  Options.enable_pipelined_write: 0
2018/09/24-08:41:19.928968 7f6520ea5700         Options.allow_concurrent_memtable_write: 1
2018/09/24-08:41:19.928969 7f6520ea5700      Options.enable_write_thread_adaptive_yield: 1
2018/09/24-08:41:19.928970 7f6520ea5700             Options.write_thread_max_yield_usec: 100
2018/09/24-08:41:19.928971 7f6520ea5700            Options.write_thread_slow_yield_usec: 3
2018/09/24-08:41:19.928972 7f6520ea5700                               Options.row_cache: None
2018/09/24-08:41:19.928973 7f6520ea5700                              Options.wal_filter: None
2018/09/24-08:41:19.928975 7f6520ea5700             Options.avoid_flush_during_recovery: 0
2018/09/24-08:41:19.928976 7f6520ea5700             Options.allow_ingest_behind: 0
2018/09/24-08:41:19.928977 7f6520ea5700             Options.concurrent_prepare: 0
2018/09/24-08:41:19.928978 7f6520ea5700             Options.manual_wal_flush: 0
2018/09/24-08:41:19.928979 7f6520ea5700             Options.max_background_jobs: 2
2018/09/24-08:41:19.928980 7f6520ea5700             Options.max_background_compactions: -1
2018/09/24-08:41:19.928981 7f6520ea5700             Options.avoid_flush_during_shutdown: 0
2018/09/24-08:41:19.928982 7f6520ea5700             Options.delayed_write_rate : 16777216
2018/09/24-08:41:19.928984 7f6520ea5700             Options.max_total_wal_size: 0
2018/09/24-08:41:19.928985 7f6520ea5700             Options.delete_obsolete_files_period_micros: 21600000000
2018/09/24-08:41:19.928986 7f6520ea5700                   Options.stats_dump_period_sec: 600
2018/09/24-08:41:19.928987 7f6520ea5700                          Options.max_open_files: -1
2018/09/24-08:41:19.928988 7f6520ea5700 Compression algorithms supported:
2018/09/24-08:41:19.928989 7f6520ea5700 	Snappy supported: 1
2018/09/24-08:41:19.928991 7f6520ea5700 	Zlib supported: 1
2018/09/24-08:41:19.928992 7f6520ea5700 	Bzip supported: 1
2018/09/24-08:41:19.928993 7f6520ea5700 	LZ4 supported: 1
2018/09/24-08:41:19.928994 7f6520ea5700 	ZSTD supported: 1
2018/09/24-08:41:19.928995 7f6520ea5700 Fast CRC32 supported: 0
2018/09/24-08:41:19.929078 7f6520ea5700 [db/db_impl_open.cc:216] Creating manifest 1 
2018/09/24-08:41:20.227883 7f6520ea5700 [db/version_set.cc:2712] Recovering from manifest file: MANIFEST-000001
2018/09/24-08:41:20.227974 7f6520ea5700 [db/column_family.cc:413] --------------- Options for column family [default]:
2018/09/24-08:41:20.227979 7f6520ea5700               Options.comparator: leveldb.BytewiseComparator
2018/09/24-08:41:20.227981 7f6520ea5700           Options.merge_operator: None
2018/09/24-08:41:20.227983 7f6520ea5700        Options.compaction_filter: None
2018/09/24-08:41:20.227985 7f6520ea5700        Options.compaction_filter_factory: None
2018/09/24-08:41:20.227987 7f6520ea5700         Options.memtable_factory: SkipListFactory
2018/09/24-08:41:20.227990 7f6520ea5700            Options.table_factory: BlockBasedTable
2018/09/24-08:41:20.228045 7f6520ea5700            table_factory options:   flush_block_policy_factory: FlushBlockBySizePolicyFactory (0x7f651885eec0)
  cache_index_and_filter_blocks: 0
  cache_index_and_filter_blocks_with_high_priority: 0
  pin_l0_filter_and_index_blocks_in_cache: 0
  index_type: 2
  hash_index_allow_collision: 1
  checksum: 1
  no_block_cache: 0
  block_cache: 0x7f651885c9b8
  block_cache_name: LRUCache
  block_cache_options:
    capacity : 104857600
    num_shard_bits : 6
    strict_capacity_limit : 0
    high_pri_pool_ratio: 0.000
  block_cache_compressed: (nil)
  persistent_cache: (nil)
  block_size: 262144
  block_size_deviation: 10
  block_restart_interval: 16
  index_block_restart_interval: 1
  filter_policy: rocksdb.BuiltinBloomFilter
  whole_key_filtering: 1
  format_version: 0
2018/09/24-08:41:20.228051 7f6520ea5700        Options.write_buffer_size: 52428800
2018/09/24-08:41:20.228053 7f6520ea5700  Options.max_write_buffer_number: 2
2018/09/24-08:41:20.228081 7f6520ea5700          Options.compression: Snappy
2018/09/24-08:41:20.228084 7f6520ea5700                  Options.bottommost_compression: Disabled
2018/09/24-08:41:20.228087 7f6520ea5700       Options.prefix_extractor: rocksdb.FixedPrefix.4
2018/09/24-08:41:20.228089 7f6520ea5700   Options.memtable_insert_with_hint_prefix_extractor: nullptr
2018/09/24-08:41:20.228091 7f6520ea5700             Options.num_levels: 7
2018/09/24-08:41:20.228093 7f6520ea5700        Options.min_write_buffer_number_to_merge: 1
2018/09/24-08:41:20.228095 7f6520ea5700     Options.max_write_buffer_number_to_maintain: 0
2018/09/24-08:41:20.228097 7f6520ea5700            Options.compression_opts.window_bits: -14
2018/09/24-08:41:20.228099 7f6520ea5700                  Options.compression_opts.level: -1
2018/09/24-08:41:20.228100 7f6520ea5700               Options.compression_opts.strategy: 0
2018/09/24-08:41:20.228102 7f6520ea5700         Options.compression_opts.max_dict_bytes: 0
2018/09/24-08:41:20.228104 7f6520ea5700      Options.level0_file_num_compaction_trigger: 4
2018/09/24-08:41:20.228106 7f6520ea5700          Options.level0_slowdown_writes_trigger: 20
2018/09/24-08:41:20.228108 7f6520ea5700              Options.level0_stop_writes_trigger: 36
2018/09/24-08:41:20.228110 7f6520ea5700                   Options.target_file_size_base: 67108864
2018/09/24-08:41:20.228112 7f6520ea5700             Options.target_file_size_multiplier: 1
2018/09/24-08:41:20.228114 7f6520ea5700                Options.max_bytes_for_level_base: 268435456
2018/09/24-08:41:20.228116 7f6520ea5700 Options.level_compaction_dynamic_level_bytes: 0
2018/09/24-08:41:20.228118 7f6520ea5700          Options.max_bytes_for_level_multiplier: 10.000000
2018/09/24-08:41:20.228123 7f6520ea5700 Options.max_bytes_for_level_multiplier_addtl[0]: 1
2018/09/24-08:41:20.228125 7f6520ea5700 Options.max_bytes_for_level_multiplier_addtl[1]: 1
2018/09/24-08:41:20.228127 7f6520ea5700 Options.max_bytes_for_level_multiplier_addtl[2]: 1
2018/09/24-08:41:20.228129 7f6520ea5700 Options.max_bytes_for_level_multiplier_addtl[3]: 1
2018/09/24-08:41:20.228131 7f6520ea5700 Options.max_bytes_for_level_multiplier_addtl[4]: 1
2018/09/24-08:41:20.228133 7f6520ea5700 Options.max_bytes_for_level_multiplier_addtl[5]: 1
2018/09/24-08:41:20.228135 7f6520ea5700 Options.max_bytes_for_level_multiplier_addtl[6]: 1
2018/09/24-08:41:20.228137 7f6520ea5700       Options.max_sequential_skip_in_iterations: 8
2018/09/24-08:41:20.228139 7f6520ea5700                    Options.max_compaction_bytes: 1677721600
2018/09/24-08:41:20.228141 7f6520ea5700                        Options.arena_block_size: 6553600
2018/09/24-08:41:20.228143 7f6520ea5700   Options.soft_pending_compaction_bytes_limit: 68719476736
2018/09/24-08:41:20.228145 7f6520ea5700   Options.hard_pending_compaction_bytes_limit: 274877906944
2018/09/24-08:41:20.228147 7f6520ea5700       Options.rate_limit_delay_max_milliseconds: 100
2018/09/24-08:41:20.228149 7f6520ea5700                Options.disable_auto_compactions: 0
2018/09/24-08:41:20.228151 7f6520ea5700                        Options.compaction_style: kCompactionStyleLevel
2018/09/24-08:41:20.228154 7f6520ea5700                          Options.compaction_pri: kByCompensatedSize
2018/09/24-08:41:20.228156 7f6520ea5700 Options.compaction_options_universal.size_ratio: 1
2018/09/24-08:41:20.228158 7f6520ea5700 Options.compaction_options_universal.min_merge_width: 2
2018/09/24-08:41:20.228159 7f6520ea5700 Options.compaction_options_universal.max_merge_width: 4294967295
2018/09/24-08:41:20.228162 7f6520ea5700 Options.compaction_options_universal.max_size_amplification_percent: 200
2018/09/24-08:41:20.228164 7f6520ea5700 Options.compaction_options_universal.compression_size_percent: -1
2018/09/24-08:41:20.228166 7f6520ea5700 Options.compaction_options_universal.stop_style: kCompactionStopStyleTotalSize
2018/09/24-08:41:20.228168 7f6520ea5700 Options.compaction_options_fifo.max_table_files_size: 1073741824
2018/09/24-08:41:20.228170 7f6520ea5700 Options.compaction_options_fifo.allow_compaction: 0
2018/09/24-08:41:20.228188 7f6520ea5700 Options.compaction_options_fifo.ttl: 0
2018/09/24-08:41:20.228191 7f6520ea5700                   Options.table_properties_collectors: 
2018/09/24-08:41:20.228193 7f6520ea5700                   Options.inplace_update_support: 0
2018/09/24-08:41:20.228195 7f6520ea5700                 Options.inplace_update_num_locks: 10000
2018/09/24-08:41:20.228197 7f6520ea5700               Options.memtable_prefix_bloom_size_ratio: 0.000000
2018/09/24-08:41:20.228200 7f6520ea5700   Options.memtable_huge_page_size: 0
2018/09/24-08:41:20.228202 7f6520ea5700                           Options.bloom_locality: 0
2018/09/24-08:41:20.228226 7f6520ea5700                    Options.max_successive_merges: 0
2018/09/24-08:41:20.228231 7f6520ea5700                Options.optimize_filters_for_hits: 0
2018/09/24-08:41:20.228233 7f6520ea5700                Options.paranoid_file_checks: 0
2018/09/24-08:41:20.228235 7f6520ea5700                Options.force_consistency_checks: 0
2018/09/24-08:41:20.228237 7f6520ea5700                Options.report_bg_io_stats: 0
2018/09/24-08:41:20.229394 7f6520ea5700 [db/version_set.cc:2969] Recovered from manifest file:testDispose//tmp/rdbfactorytest57/MANIFEST-000001 succeeded,manifest_file_number is 1, next_file_number is 3, last_sequence is 0, log_number is 0,prev_log_number is 0,max_column_family is 0
2018/09/24-08:41:20.229406 7f6520ea5700 [db/version_set.cc:2977] Column family [default] (ID 0), log number is 0
2018/09/24-08:41:20.378678 7f6520ea5700 [db/db_impl_open.cc:1111] DB pointer 0x7f6518f31810
2018/09/24-08:42:17.758067 7f6520ea5700 [db/db_impl.cc:222] Shutdown: canceling all background work
2018/09/24-08:42:17.758256 7f6520ea5700 [db/db_impl.cc:348] Shutdown complete
