2018/09/24-06:38:24.963471 7f5a32fe6700 RocksDB version: 5.7.3
2018/09/24-06:38:24.963511 7f5a32fe6700 Git sha rocksdb_build_git_sha:
2018/09/24-06:38:24.963515 7f5a32fe6700 Compile date Sep  1 2017
2018/09/24-06:38:24.963517 7f5a32fe6700 DB SUMMARY
2018/09/24-06:38:24.963564 7f5a32fe6700 SST files in testDispose//tmp/rdbfactorytest342 dir, Total Num: 0, files: 
2018/09/24-06:38:24.963569 7f5a32fe6700 Write Ahead Log file in testDispose//tmp/rdbfactorytest342: 
2018/09/24-06:38:24.963572 7f5a32fe6700                         Options.error_if_exists: 0
2018/09/24-06:38:24.963574 7f5a32fe6700                       Options.create_if_missing: 1
2018/09/24-06:38:24.963576 7f5a32fe6700                         Options.paranoid_checks: 1
2018/09/24-06:38:24.963578 7f5a32fe6700                                     Options.env: 0x7f59daf89880
2018/09/24-06:38:24.963580 7f5a32fe6700                                Options.info_log: 0x7f5a2e771ca0
2018/09/24-06:38:24.963582 7f5a32fe6700                Options.max_file_opening_threads: 16
2018/09/24-06:38:24.963584 7f5a32fe6700                               Options.use_fsync: 0
2018/09/24-06:38:24.963585 7f5a32fe6700                       Options.max_log_file_size: 0
2018/09/24-06:38:24.963587 7f5a32fe6700                  Options.max_manifest_file_size: 18446744073709551615
2018/09/24-06:38:24.963589 7f5a32fe6700                   Options.log_file_time_to_roll: 0
2018/09/24-06:38:24.963591 7f5a32fe6700                       Options.keep_log_file_num: 1000
2018/09/24-06:38:24.963593 7f5a32fe6700                    Options.recycle_log_file_num: 0
2018/09/24-06:38:24.963595 7f5a32fe6700                         Options.allow_fallocate: 1
2018/09/24-06:38:24.963597 7f5a32fe6700                        Options.allow_mmap_reads: 0
2018/09/24-06:38:24.963598 7f5a32fe6700                       Options.allow_mmap_writes: 0
2018/09/24-06:38:24.963600 7f5a32fe6700                        Options.use_direct_reads: 0
2018/09/24-06:38:24.963602 7f5a32fe6700                        Options.use_direct_io_for_flush_and_compaction: 0
2018/09/24-06:38:24.963603 7f5a32fe6700          Options.create_missing_column_families: 0
2018/09/24-06:38:24.963605 7f5a32fe6700                              Options.db_log_dir: 
2018/09/24-06:38:24.963607 7f5a32fe6700                                 Options.wal_dir: testDispose//tmp/rdbfactorytest342
2018/09/24-06:38:24.963609 7f5a32fe6700                Options.table_cache_numshardbits: 6
2018/09/24-06:38:24.963611 7f5a32fe6700                      Options.max_subcompactions: 1
2018/09/24-06:38:24.963612 7f5a32fe6700                  Options.max_background_flushes: -1
2018/09/24-06:38:24.963614 7f5a32fe6700                         Options.WAL_ttl_seconds: 0
2018/09/24-06:38:24.963616 7f5a32fe6700                       Options.WAL_size_limit_MB: 0
2018/09/24-06:38:24.963618 7f5a32fe6700             Options.manifest_preallocation_size: 4194304
2018/09/24-06:38:24.963619 7f5a32fe6700                     Options.is_fd_close_on_exec: 1
2018/09/24-06:38:24.963621 7f5a32fe6700                   Options.advise_random_on_open: 1
2018/09/24-06:38:24.963623 7f5a32fe6700                    Options.db_write_buffer_size: 0
2018/09/24-06:38:24.963625 7f5a32fe6700         Options.access_hint_on_compaction_start: 1
2018/09/24-06:38:24.963626 7f5a32fe6700  Options.new_table_reader_for_compaction_inputs: 0
2018/09/24-06:38:24.963628 7f5a32fe6700               Options.compaction_readahead_size: 0
2018/09/24-06:38:24.963630 7f5a32fe6700           Options.random_access_max_buffer_size: 1048576
2018/09/24-06:38:24.963632 7f5a32fe6700           Options.writable_file_max_buffer_size: 1048576
2018/09/24-06:38:24.963633 7f5a32fe6700                      Options.use_adaptive_mutex: 0
2018/09/24-06:38:24.963635 7f5a32fe6700                            Options.rate_limiter: (nil)
2018/09/24-06:38:24.963637 7f5a32fe6700     Options.sst_file_manager.rate_bytes_per_sec: 0
2018/09/24-06:38:24.963639 7f5a32fe6700                          Options.bytes_per_sync: 0
2018/09/24-06:38:24.963641 7f5a32fe6700                      Options.wal_bytes_per_sync: 0
2018/09/24-06:38:24.963643 7f5a32fe6700                       Options.wal_recovery_mode: 2
2018/09/24-06:38:24.963661 7f5a32fe6700                  Options.enable_thread_tracking: 0
2018/09/24-06:38:24.963664 7f5a32fe6700                  Options.enable_pipelined_write: 0
2018/09/24-06:38:24.963666 7f5a32fe6700         Options.allow_concurrent_memtable_write: 1
2018/09/24-06:38:24.963668 7f5a32fe6700      Options.enable_write_thread_adaptive_yield: 1
2018/09/24-06:38:24.963669 7f5a32fe6700             Options.write_thread_max_yield_usec: 100
2018/09/24-06:38:24.963671 7f5a32fe6700            Options.write_thread_slow_yield_usec: 3
2018/09/24-06:38:24.963673 7f5a32fe6700                               Options.row_cache: None
2018/09/24-06:38:24.963675 7f5a32fe6700                              Options.wal_filter: None
2018/09/24-06:38:24.963677 7f5a32fe6700             Options.avoid_flush_during_recovery: 0
2018/09/24-06:38:24.963678 7f5a32fe6700             Options.allow_ingest_behind: 0
2018/09/24-06:38:24.963680 7f5a32fe6700             Options.concurrent_prepare: 0
2018/09/24-06:38:24.963682 7f5a32fe6700             Options.manual_wal_flush: 0
2018/09/24-06:38:24.963684 7f5a32fe6700             Options.max_background_jobs: 2
2018/09/24-06:38:24.963686 7f5a32fe6700             Options.max_background_compactions: -1
2018/09/24-06:38:24.963688 7f5a32fe6700             Options.avoid_flush_during_shutdown: 0
2018/09/24-06:38:24.963690 7f5a32fe6700             Options.delayed_write_rate : 16777216
2018/09/24-06:38:24.963692 7f5a32fe6700             Options.max_total_wal_size: 0
2018/09/24-06:38:24.963694 7f5a32fe6700             Options.delete_obsolete_files_period_micros: 21600000000
2018/09/24-06:38:24.963696 7f5a32fe6700                   Options.stats_dump_period_sec: 600
2018/09/24-06:38:24.963698 7f5a32fe6700                          Options.max_open_files: -1
2018/09/24-06:38:24.963699 7f5a32fe6700 Compression algorithms supported:
2018/09/24-06:38:24.963701 7f5a32fe6700 	Snappy supported: 1
2018/09/24-06:38:24.963703 7f5a32fe6700 	Zlib supported: 1
2018/09/24-06:38:24.963705 7f5a32fe6700 	Bzip supported: 1
2018/09/24-06:38:24.963707 7f5a32fe6700 	LZ4 supported: 1
2018/09/24-06:38:24.963709 7f5a32fe6700 	ZSTD supported: 1
2018/09/24-06:38:24.963711 7f5a32fe6700 Fast CRC32 supported: 0
2018/09/24-06:38:24.963826 7f5a32fe6700 [db/db_impl_open.cc:216] Creating manifest 1 
2018/09/24-06:38:25.212387 7f5a32fe6700 [db/version_set.cc:2712] Recovering from manifest file: MANIFEST-000001
2018/09/24-06:38:25.212476 7f5a32fe6700 [db/column_family.cc:413] --------------- Options for column family [default]:
2018/09/24-06:38:25.212482 7f5a32fe6700               Options.comparator: leveldb.BytewiseComparator
2018/09/24-06:38:25.212484 7f5a32fe6700           Options.merge_operator: None
2018/09/24-06:38:25.212486 7f5a32fe6700        Options.compaction_filter: None
2018/09/24-06:38:25.212489 7f5a32fe6700        Options.compaction_filter_factory: None
2018/09/24-06:38:25.212491 7f5a32fe6700         Options.memtable_factory: SkipListFactory
2018/09/24-06:38:25.212493 7f5a32fe6700            Options.table_factory: BlockBasedTable
2018/09/24-06:38:25.212545 7f5a32fe6700            table_factory options:   flush_block_policy_factory: FlushBlockBySizePolicyFactory (0x7f5a2c8403b0)
  cache_index_and_filter_blocks: 0
  cache_index_and_filter_blocks_with_high_priority: 0
  pin_l0_filter_and_index_blocks_in_cache: 0
  index_type: 2
  hash_index_allow_collision: 1
  checksum: 1
  no_block_cache: 0
  block_cache: 0x7f5a2c849ef8
  block_cache_name: LRUCache
  block_cache_options:
    capacity : 104857600
    num_shard_bits : 6
    strict_capacity_limit : 0
    high_pri_pool_ratio: 0.000
  block_cache_compressed: (nil)
  persistent_cache: (nil)
  block_size: 262144
  block_size_deviation: 10
  block_restart_interval: 16
  index_block_restart_interval: 1
  filter_policy: rocksdb.BuiltinBloomFilter
  whole_key_filtering: 1
  format_version: 0
2018/09/24-06:38:25.212551 7f5a32fe6700        Options.write_buffer_size: 52428800
2018/09/24-06:38:25.212553 7f5a32fe6700  Options.max_write_buffer_number: 2
2018/09/24-06:38:25.212581 7f5a32fe6700          Options.compression: Snappy
2018/09/24-06:38:25.212585 7f5a32fe6700                  Options.bottommost_compression: Disabled
2018/09/24-06:38:25.212587 7f5a32fe6700       Options.prefix_extractor: rocksdb.FixedPrefix.4
2018/09/24-06:38:25.212590 7f5a32fe6700   Options.memtable_insert_with_hint_prefix_extractor: nullptr
2018/09/24-06:38:25.212592 7f5a32fe6700             Options.num_levels: 7
2018/09/24-06:38:25.212594 7f5a32fe6700        Options.min_write_buffer_number_to_merge: 1
2018/09/24-06:38:25.212596 7f5a32fe6700     Options.max_write_buffer_number_to_maintain: 0
2018/09/24-06:38:25.212598 7f5a32fe6700            Options.compression_opts.window_bits: -14
2018/09/24-06:38:25.212601 7f5a32fe6700                  Options.compression_opts.level: -1
2018/09/24-06:38:25.212603 7f5a32fe6700               Options.compression_opts.strategy: 0
2018/09/24-06:38:25.212605 7f5a32fe6700         Options.compression_opts.max_dict_bytes: 0
2018/09/24-06:38:25.212607 7f5a32fe6700      Options.level0_file_num_compaction_trigger: 4
2018/09/24-06:38:25.212609 7f5a32fe6700          Options.level0_slowdown_writes_trigger: 20
2018/09/24-06:38:25.212611 7f5a32fe6700              Options.level0_stop_writes_trigger: 36
2018/09/24-06:38:25.212613 7f5a32fe6700                   Options.target_file_size_base: 67108864
2018/09/24-06:38:25.212615 7f5a32fe6700             Options.target_file_size_multiplier: 1
2018/09/24-06:38:25.212618 7f5a32fe6700                Options.max_bytes_for_level_base: 268435456
2018/09/24-06:38:25.212620 7f5a32fe6700 Options.level_compaction_dynamic_level_bytes: 0
2018/09/24-06:38:25.212622 7f5a32fe6700          Options.max_bytes_for_level_multiplier: 10.000000
2018/09/24-06:38:25.212627 7f5a32fe6700 Options.max_bytes_for_level_multiplier_addtl[0]: 1
2018/09/24-06:38:25.212629 7f5a32fe6700 Options.max_bytes_for_level_multiplier_addtl[1]: 1
2018/09/24-06:38:25.212631 7f5a32fe6700 Options.max_bytes_for_level_multiplier_addtl[2]: 1
2018/09/24-06:38:25.212634 7f5a32fe6700 Options.max_bytes_for_level_multiplier_addtl[3]: 1
2018/09/24-06:38:25.212636 7f5a32fe6700 Options.max_bytes_for_level_multiplier_addtl[4]: 1
2018/09/24-06:38:25.212638 7f5a32fe6700 Options.max_bytes_for_level_multiplier_addtl[5]: 1
2018/09/24-06:38:25.212640 7f5a32fe6700 Options.max_bytes_for_level_multiplier_addtl[6]: 1
2018/09/24-06:38:25.212642 7f5a32fe6700       Options.max_sequential_skip_in_iterations: 8
2018/09/24-06:38:25.212644 7f5a32fe6700                    Options.max_compaction_bytes: 1677721600
2018/09/24-06:38:25.212647 7f5a32fe6700                        Options.arena_block_size: 6553600
2018/09/24-06:38:25.212649 7f5a32fe6700   Options.soft_pending_compaction_bytes_limit: 68719476736
2018/09/24-06:38:25.212651 7f5a32fe6700   Options.hard_pending_compaction_bytes_limit: 274877906944
2018/09/24-06:38:25.212653 7f5a32fe6700       Options.rate_limit_delay_max_milliseconds: 100
2018/09/24-06:38:25.212656 7f5a32fe6700                Options.disable_auto_compactions: 0
2018/09/24-06:38:25.212658 7f5a32fe6700                        Options.compaction_style: kCompactionStyleLevel
2018/09/24-06:38:25.212661 7f5a32fe6700                          Options.compaction_pri: kByCompensatedSize
2018/09/24-06:38:25.212663 7f5a32fe6700 Options.compaction_options_universal.size_ratio: 1
2018/09/24-06:38:25.212665 7f5a32fe6700 Options.compaction_options_universal.min_merge_width: 2
2018/09/24-06:38:25.212667 7f5a32fe6700 Options.compaction_options_universal.max_merge_width: 4294967295
2018/09/24-06:38:25.212669 7f5a32fe6700 Options.compaction_options_universal.max_size_amplification_percent: 200
2018/09/24-06:38:25.212671 7f5a32fe6700 Options.compaction_options_universal.compression_size_percent: -1
2018/09/24-06:38:25.212674 7f5a32fe6700 Options.compaction_options_universal.stop_style: kCompactionStopStyleTotalSize
2018/09/24-06:38:25.212676 7f5a32fe6700 Options.compaction_options_fifo.max_table_files_size: 1073741824
2018/09/24-06:38:25.212678 7f5a32fe6700 Options.compaction_options_fifo.allow_compaction: 0
2018/09/24-06:38:25.212697 7f5a32fe6700 Options.compaction_options_fifo.ttl: 0
2018/09/24-06:38:25.212700 7f5a32fe6700                   Options.table_properties_collectors: 
2018/09/24-06:38:25.212703 7f5a32fe6700                   Options.inplace_update_support: 0
2018/09/24-06:38:25.212705 7f5a32fe6700                 Options.inplace_update_num_locks: 10000
2018/09/24-06:38:25.212707 7f5a32fe6700               Options.memtable_prefix_bloom_size_ratio: 0.000000
2018/09/24-06:38:25.212710 7f5a32fe6700   Options.memtable_huge_page_size: 0
2018/09/24-06:38:25.212712 7f5a32fe6700                           Options.bloom_locality: 0
2018/09/24-06:38:25.212714 7f5a32fe6700                    Options.max_successive_merges: 0
2018/09/24-06:38:25.212716 7f5a32fe6700                Options.optimize_filters_for_hits: 0
2018/09/24-06:38:25.212718 7f5a32fe6700                Options.paranoid_file_checks: 0
2018/09/24-06:38:25.212720 7f5a32fe6700                Options.force_consistency_checks: 0
2018/09/24-06:38:25.212722 7f5a32fe6700                Options.report_bg_io_stats: 0
2018/09/24-06:38:25.213934 7f5a32fe6700 [db/version_set.cc:2969] Recovered from manifest file:testDispose//tmp/rdbfactorytest342/MANIFEST-000001 succeeded,manifest_file_number is 1, next_file_number is 3, last_sequence is 0, log_number is 0,prev_log_number is 0,max_column_family is 0
2018/09/24-06:38:25.213942 7f5a32fe6700 [db/version_set.cc:2977] Column family [default] (ID 0), log number is 0
2018/09/24-06:38:25.396361 7f5a32fe6700 [db/db_impl_open.cc:1111] DB pointer 0x7f5a2e770ef0
2018/09/24-06:38:54.934390 7f59da2f9700 [db/db_impl.cc:222] Shutdown: canceling all background work
2018/09/24-06:38:54.934512 7f59da2f9700 [db/db_impl.cc:348] Shutdown complete
