2018/09/11-10:46:22.042645 7fcf02fb6700 RocksDB version: 5.7.3
2018/09/11-10:46:22.042698 7fcf02fb6700 Git sha rocksdb_build_git_sha:
2018/09/11-10:46:22.042702 7fcf02fb6700 Compile date Sep  1 2017
2018/09/11-10:46:22.042705 7fcf02fb6700 DB SUMMARY
2018/09/11-10:46:22.042742 7fcf02fb6700 SST files in testDispose//tmp/rdbfactorytest240 dir, Total Num: 0, files: 
2018/09/11-10:46:22.042747 7fcf02fb6700 Write Ahead Log file in testDispose//tmp/rdbfactorytest240: 
2018/09/11-10:46:22.042751 7fcf02fb6700                         Options.error_if_exists: 0
2018/09/11-10:46:22.042753 7fcf02fb6700                       Options.create_if_missing: 1
2018/09/11-10:46:22.042756 7fcf02fb6700                         Options.paranoid_checks: 1
2018/09/11-10:46:22.042758 7fcf02fb6700                                     Options.env: 0x7fceceb59880
2018/09/11-10:46:22.042760 7fcf02fb6700                                Options.info_log: 0x7fcefcc43e40
2018/09/11-10:46:22.042762 7fcf02fb6700                Options.max_file_opening_threads: 16
2018/09/11-10:46:22.042764 7fcf02fb6700                               Options.use_fsync: 0
2018/09/11-10:46:22.042766 7fcf02fb6700                       Options.max_log_file_size: 0
2018/09/11-10:46:22.042768 7fcf02fb6700                  Options.max_manifest_file_size: 18446744073709551615
2018/09/11-10:46:22.042770 7fcf02fb6700                   Options.log_file_time_to_roll: 0
2018/09/11-10:46:22.042773 7fcf02fb6700                       Options.keep_log_file_num: 1000
2018/09/11-10:46:22.042775 7fcf02fb6700                    Options.recycle_log_file_num: 0
2018/09/11-10:46:22.042777 7fcf02fb6700                         Options.allow_fallocate: 1
2018/09/11-10:46:22.042779 7fcf02fb6700                        Options.allow_mmap_reads: 0
2018/09/11-10:46:22.042780 7fcf02fb6700                       Options.allow_mmap_writes: 0
2018/09/11-10:46:22.042782 7fcf02fb6700                        Options.use_direct_reads: 0
2018/09/11-10:46:22.042784 7fcf02fb6700                        Options.use_direct_io_for_flush_and_compaction: 0
2018/09/11-10:46:22.042786 7fcf02fb6700          Options.create_missing_column_families: 0
2018/09/11-10:46:22.042788 7fcf02fb6700                              Options.db_log_dir: 
2018/09/11-10:46:22.042790 7fcf02fb6700                                 Options.wal_dir: testDispose//tmp/rdbfactorytest240
2018/09/11-10:46:22.042792 7fcf02fb6700                Options.table_cache_numshardbits: 6
2018/09/11-10:46:22.042794 7fcf02fb6700                      Options.max_subcompactions: 1
2018/09/11-10:46:22.042796 7fcf02fb6700                  Options.max_background_flushes: -1
2018/09/11-10:46:22.042798 7fcf02fb6700                         Options.WAL_ttl_seconds: 0
2018/09/11-10:46:22.042800 7fcf02fb6700                       Options.WAL_size_limit_MB: 0
2018/09/11-10:46:22.042802 7fcf02fb6700             Options.manifest_preallocation_size: 4194304
2018/09/11-10:46:22.042804 7fcf02fb6700                     Options.is_fd_close_on_exec: 1
2018/09/11-10:46:22.042806 7fcf02fb6700                   Options.advise_random_on_open: 1
2018/09/11-10:46:22.042808 7fcf02fb6700                    Options.db_write_buffer_size: 0
2018/09/11-10:46:22.042810 7fcf02fb6700         Options.access_hint_on_compaction_start: 1
2018/09/11-10:46:22.042812 7fcf02fb6700  Options.new_table_reader_for_compaction_inputs: 0
2018/09/11-10:46:22.042814 7fcf02fb6700               Options.compaction_readahead_size: 0
2018/09/11-10:46:22.042816 7fcf02fb6700           Options.random_access_max_buffer_size: 1048576
2018/09/11-10:46:22.042818 7fcf02fb6700           Options.writable_file_max_buffer_size: 1048576
2018/09/11-10:46:22.042820 7fcf02fb6700                      Options.use_adaptive_mutex: 0
2018/09/11-10:46:22.042822 7fcf02fb6700                            Options.rate_limiter: (nil)
2018/09/11-10:46:22.042825 7fcf02fb6700     Options.sst_file_manager.rate_bytes_per_sec: 0
2018/09/11-10:46:22.042827 7fcf02fb6700                          Options.bytes_per_sync: 0
2018/09/11-10:46:22.042829 7fcf02fb6700                      Options.wal_bytes_per_sync: 0
2018/09/11-10:46:22.042831 7fcf02fb6700                       Options.wal_recovery_mode: 2
2018/09/11-10:46:22.042852 7fcf02fb6700                  Options.enable_thread_tracking: 0
2018/09/11-10:46:22.042855 7fcf02fb6700                  Options.enable_pipelined_write: 0
2018/09/11-10:46:22.042857 7fcf02fb6700         Options.allow_concurrent_memtable_write: 1
2018/09/11-10:46:22.042858 7fcf02fb6700      Options.enable_write_thread_adaptive_yield: 1
2018/09/11-10:46:22.042859 7fcf02fb6700             Options.write_thread_max_yield_usec: 100
2018/09/11-10:46:22.042861 7fcf02fb6700            Options.write_thread_slow_yield_usec: 3
2018/09/11-10:46:22.042862 7fcf02fb6700                               Options.row_cache: None
2018/09/11-10:46:22.042864 7fcf02fb6700                              Options.wal_filter: None
2018/09/11-10:46:22.042865 7fcf02fb6700             Options.avoid_flush_during_recovery: 0
2018/09/11-10:46:22.042867 7fcf02fb6700             Options.allow_ingest_behind: 0
2018/09/11-10:46:22.042868 7fcf02fb6700             Options.concurrent_prepare: 0
2018/09/11-10:46:22.042870 7fcf02fb6700             Options.manual_wal_flush: 0
2018/09/11-10:46:22.042871 7fcf02fb6700             Options.max_background_jobs: 2
2018/09/11-10:46:22.042873 7fcf02fb6700             Options.max_background_compactions: -1
2018/09/11-10:46:22.042874 7fcf02fb6700             Options.avoid_flush_during_shutdown: 0
2018/09/11-10:46:22.042876 7fcf02fb6700             Options.delayed_write_rate : 16777216
2018/09/11-10:46:22.042877 7fcf02fb6700             Options.max_total_wal_size: 0
2018/09/11-10:46:22.042879 7fcf02fb6700             Options.delete_obsolete_files_period_micros: 21600000000
2018/09/11-10:46:22.042881 7fcf02fb6700                   Options.stats_dump_period_sec: 600
2018/09/11-10:46:22.042882 7fcf02fb6700                          Options.max_open_files: -1
2018/09/11-10:46:22.042884 7fcf02fb6700 Compression algorithms supported:
2018/09/11-10:46:22.042886 7fcf02fb6700 	Snappy supported: 1
2018/09/11-10:46:22.042887 7fcf02fb6700 	Zlib supported: 1
2018/09/11-10:46:22.042889 7fcf02fb6700 	Bzip supported: 1
2018/09/11-10:46:22.042891 7fcf02fb6700 	LZ4 supported: 1
2018/09/11-10:46:22.042893 7fcf02fb6700 	ZSTD supported: 1
2018/09/11-10:46:22.042895 7fcf02fb6700 Fast CRC32 supported: 0
2018/09/11-10:46:22.043006 7fcf02fb6700 [db/db_impl_open.cc:216] Creating manifest 1 
2018/09/11-10:46:22.216169 7fcf02fb6700 [db/version_set.cc:2712] Recovering from manifest file: MANIFEST-000001
2018/09/11-10:46:22.216281 7fcf02fb6700 [db/column_family.cc:413] --------------- Options for column family [default]:
2018/09/11-10:46:22.216286 7fcf02fb6700               Options.comparator: leveldb.BytewiseComparator
2018/09/11-10:46:22.216289 7fcf02fb6700           Options.merge_operator: None
2018/09/11-10:46:22.216291 7fcf02fb6700        Options.compaction_filter: None
2018/09/11-10:46:22.216292 7fcf02fb6700        Options.compaction_filter_factory: None
2018/09/11-10:46:22.216295 7fcf02fb6700         Options.memtable_factory: SkipListFactory
2018/09/11-10:46:22.216297 7fcf02fb6700            Options.table_factory: BlockBasedTable
2018/09/11-10:46:22.216333 7fcf02fb6700            table_factory options:   flush_block_policy_factory: FlushBlockBySizePolicyFactory (0x7fcefc860ad0)
  cache_index_and_filter_blocks: 0
  cache_index_and_filter_blocks_with_high_priority: 0
  pin_l0_filter_and_index_blocks_in_cache: 0
  index_type: 2
  hash_index_allow_collision: 1
  checksum: 1
  no_block_cache: 0
  block_cache: 0x7fcefc82c458
  block_cache_name: LRUCache
  block_cache_options:
    capacity : 104857600
    num_shard_bits : 6
    strict_capacity_limit : 0
    high_pri_pool_ratio: 0.000
  block_cache_compressed: (nil)
  persistent_cache: (nil)
  block_size: 262144
  block_size_deviation: 10
  block_restart_interval: 16
  index_block_restart_interval: 1
  filter_policy: rocksdb.BuiltinBloomFilter
  whole_key_filtering: 1
  format_version: 0
2018/09/11-10:46:22.216338 7fcf02fb6700        Options.write_buffer_size: 52428800
2018/09/11-10:46:22.216340 7fcf02fb6700  Options.max_write_buffer_number: 2
2018/09/11-10:46:22.216367 7fcf02fb6700          Options.compression: Snappy
2018/09/11-10:46:22.216371 7fcf02fb6700                  Options.bottommost_compression: Disabled
2018/09/11-10:46:22.216374 7fcf02fb6700       Options.prefix_extractor: rocksdb.FixedPrefix.4
2018/09/11-10:46:22.216376 7fcf02fb6700   Options.memtable_insert_with_hint_prefix_extractor: nullptr
2018/09/11-10:46:22.216378 7fcf02fb6700             Options.num_levels: 7
2018/09/11-10:46:22.216380 7fcf02fb6700        Options.min_write_buffer_number_to_merge: 1
2018/09/11-10:46:22.216382 7fcf02fb6700     Options.max_write_buffer_number_to_maintain: 0
2018/09/11-10:46:22.216385 7fcf02fb6700            Options.compression_opts.window_bits: -14
2018/09/11-10:46:22.216387 7fcf02fb6700                  Options.compression_opts.level: -1
2018/09/11-10:46:22.216389 7fcf02fb6700               Options.compression_opts.strategy: 0
2018/09/11-10:46:22.216391 7fcf02fb6700         Options.compression_opts.max_dict_bytes: 0
2018/09/11-10:46:22.216392 7fcf02fb6700      Options.level0_file_num_compaction_trigger: 4
2018/09/11-10:46:22.216394 7fcf02fb6700          Options.level0_slowdown_writes_trigger: 20
2018/09/11-10:46:22.216395 7fcf02fb6700              Options.level0_stop_writes_trigger: 36
2018/09/11-10:46:22.216397 7fcf02fb6700                   Options.target_file_size_base: 67108864
2018/09/11-10:46:22.216399 7fcf02fb6700             Options.target_file_size_multiplier: 1
2018/09/11-10:46:22.216401 7fcf02fb6700                Options.max_bytes_for_level_base: 268435456
2018/09/11-10:46:22.216403 7fcf02fb6700 Options.level_compaction_dynamic_level_bytes: 0
2018/09/11-10:46:22.216405 7fcf02fb6700          Options.max_bytes_for_level_multiplier: 10.000000
2018/09/11-10:46:22.216410 7fcf02fb6700 Options.max_bytes_for_level_multiplier_addtl[0]: 1
2018/09/11-10:46:22.216413 7fcf02fb6700 Options.max_bytes_for_level_multiplier_addtl[1]: 1
2018/09/11-10:46:22.216415 7fcf02fb6700 Options.max_bytes_for_level_multiplier_addtl[2]: 1
2018/09/11-10:46:22.216417 7fcf02fb6700 Options.max_bytes_for_level_multiplier_addtl[3]: 1
2018/09/11-10:46:22.216419 7fcf02fb6700 Options.max_bytes_for_level_multiplier_addtl[4]: 1
2018/09/11-10:46:22.216421 7fcf02fb6700 Options.max_bytes_for_level_multiplier_addtl[5]: 1
2018/09/11-10:46:22.216423 7fcf02fb6700 Options.max_bytes_for_level_multiplier_addtl[6]: 1
2018/09/11-10:46:22.216425 7fcf02fb6700       Options.max_sequential_skip_in_iterations: 8
2018/09/11-10:46:22.216427 7fcf02fb6700                    Options.max_compaction_bytes: 1677721600
2018/09/11-10:46:22.216429 7fcf02fb6700                        Options.arena_block_size: 6553600
2018/09/11-10:46:22.216431 7fcf02fb6700   Options.soft_pending_compaction_bytes_limit: 68719476736
2018/09/11-10:46:22.216433 7fcf02fb6700   Options.hard_pending_compaction_bytes_limit: 274877906944
2018/09/11-10:46:22.216435 7fcf02fb6700       Options.rate_limit_delay_max_milliseconds: 100
2018/09/11-10:46:22.216437 7fcf02fb6700                Options.disable_auto_compactions: 0
2018/09/11-10:46:22.216440 7fcf02fb6700                        Options.compaction_style: kCompactionStyleLevel
2018/09/11-10:46:22.216442 7fcf02fb6700                          Options.compaction_pri: kByCompensatedSize
2018/09/11-10:46:22.216444 7fcf02fb6700 Options.compaction_options_universal.size_ratio: 1
2018/09/11-10:46:22.216446 7fcf02fb6700 Options.compaction_options_universal.min_merge_width: 2
2018/09/11-10:46:22.216448 7fcf02fb6700 Options.compaction_options_universal.max_merge_width: 4294967295
2018/09/11-10:46:22.216450 7fcf02fb6700 Options.compaction_options_universal.max_size_amplification_percent: 200
2018/09/11-10:46:22.216453 7fcf02fb6700 Options.compaction_options_universal.compression_size_percent: -1
2018/09/11-10:46:22.216455 7fcf02fb6700 Options.compaction_options_universal.stop_style: kCompactionStopStyleTotalSize
2018/09/11-10:46:22.216457 7fcf02fb6700 Options.compaction_options_fifo.max_table_files_size: 1073741824
2018/09/11-10:46:22.216459 7fcf02fb6700 Options.compaction_options_fifo.allow_compaction: 0
2018/09/11-10:46:22.216479 7fcf02fb6700 Options.compaction_options_fifo.ttl: 0
2018/09/11-10:46:22.216483 7fcf02fb6700                   Options.table_properties_collectors: 
2018/09/11-10:46:22.216485 7fcf02fb6700                   Options.inplace_update_support: 0
2018/09/11-10:46:22.216487 7fcf02fb6700                 Options.inplace_update_num_locks: 10000
2018/09/11-10:46:22.216490 7fcf02fb6700               Options.memtable_prefix_bloom_size_ratio: 0.000000
2018/09/11-10:46:22.216493 7fcf02fb6700   Options.memtable_huge_page_size: 0
2018/09/11-10:46:22.216495 7fcf02fb6700                           Options.bloom_locality: 0
2018/09/11-10:46:22.216496 7fcf02fb6700                    Options.max_successive_merges: 0
2018/09/11-10:46:22.216498 7fcf02fb6700                Options.optimize_filters_for_hits: 0
2018/09/11-10:46:22.216500 7fcf02fb6700                Options.paranoid_file_checks: 0
2018/09/11-10:46:22.216502 7fcf02fb6700                Options.force_consistency_checks: 0
2018/09/11-10:46:22.216504 7fcf02fb6700                Options.report_bg_io_stats: 0
2018/09/11-10:46:22.221325 7fcf02fb6700 [db/version_set.cc:2969] Recovered from manifest file:testDispose//tmp/rdbfactorytest240/MANIFEST-000001 succeeded,manifest_file_number is 1, next_file_number is 3, last_sequence is 0, log_number is 0,prev_log_number is 0,max_column_family is 0
2018/09/11-10:46:22.221340 7fcf02fb6700 [db/version_set.cc:2977] Column family [default] (ID 0), log number is 0
2018/09/11-10:46:22.591786 7fcf02fb6700 [db/db_impl_open.cc:1111] DB pointer 0x7fcefcc45850
2018/09/11-10:47:21.097962 7fcecdec9700 [db/db_impl.cc:222] Shutdown: canceling all background work
2018/09/11-10:47:21.098086 7fcecdec9700 [db/db_impl.cc:348] Shutdown complete
