2018/09/24-06:38:24.512634 7f5a32fe6700 RocksDB version: 5.7.3
2018/09/24-06:38:24.512679 7f5a32fe6700 Git sha rocksdb_build_git_sha:
2018/09/24-06:38:24.512684 7f5a32fe6700 Compile date Sep  1 2017
2018/09/24-06:38:24.512686 7f5a32fe6700 DB SUMMARY
2018/09/24-06:38:24.512741 7f5a32fe6700 SST files in testDispose//tmp/rdbfactorytest341 dir, Total Num: 0, files: 
2018/09/24-06:38:24.512746 7f5a32fe6700 Write Ahead Log file in testDispose//tmp/rdbfactorytest341: 
2018/09/24-06:38:24.512749 7f5a32fe6700                         Options.error_if_exists: 0
2018/09/24-06:38:24.512751 7f5a32fe6700                       Options.create_if_missing: 1
2018/09/24-06:38:24.512753 7f5a32fe6700                         Options.paranoid_checks: 1
2018/09/24-06:38:24.512756 7f5a32fe6700                                     Options.env: 0x7f59daf89880
2018/09/24-06:38:24.512758 7f5a32fe6700                                Options.info_log: 0x7f5a2e750520
2018/09/24-06:38:24.512760 7f5a32fe6700                Options.max_file_opening_threads: 16
2018/09/24-06:38:24.512762 7f5a32fe6700                               Options.use_fsync: 0
2018/09/24-06:38:24.512765 7f5a32fe6700                       Options.max_log_file_size: 0
2018/09/24-06:38:24.512767 7f5a32fe6700                  Options.max_manifest_file_size: 18446744073709551615
2018/09/24-06:38:24.512769 7f5a32fe6700                   Options.log_file_time_to_roll: 0
2018/09/24-06:38:24.512772 7f5a32fe6700                       Options.keep_log_file_num: 1000
2018/09/24-06:38:24.512774 7f5a32fe6700                    Options.recycle_log_file_num: 0
2018/09/24-06:38:24.512776 7f5a32fe6700                         Options.allow_fallocate: 1
2018/09/24-06:38:24.512778 7f5a32fe6700                        Options.allow_mmap_reads: 0
2018/09/24-06:38:24.512780 7f5a32fe6700                       Options.allow_mmap_writes: 0
2018/09/24-06:38:24.512782 7f5a32fe6700                        Options.use_direct_reads: 0
2018/09/24-06:38:24.512784 7f5a32fe6700                        Options.use_direct_io_for_flush_and_compaction: 0
2018/09/24-06:38:24.512787 7f5a32fe6700          Options.create_missing_column_families: 0
2018/09/24-06:38:24.512789 7f5a32fe6700                              Options.db_log_dir: 
2018/09/24-06:38:24.512791 7f5a32fe6700                                 Options.wal_dir: testDispose//tmp/rdbfactorytest341
2018/09/24-06:38:24.512793 7f5a32fe6700                Options.table_cache_numshardbits: 6
2018/09/24-06:38:24.512795 7f5a32fe6700                      Options.max_subcompactions: 1
2018/09/24-06:38:24.512797 7f5a32fe6700                  Options.max_background_flushes: -1
2018/09/24-06:38:24.512799 7f5a32fe6700                         Options.WAL_ttl_seconds: 0
2018/09/24-06:38:24.512801 7f5a32fe6700                       Options.WAL_size_limit_MB: 0
2018/09/24-06:38:24.512803 7f5a32fe6700             Options.manifest_preallocation_size: 4194304
2018/09/24-06:38:24.512806 7f5a32fe6700                     Options.is_fd_close_on_exec: 1
2018/09/24-06:38:24.512808 7f5a32fe6700                   Options.advise_random_on_open: 1
2018/09/24-06:38:24.512810 7f5a32fe6700                    Options.db_write_buffer_size: 0
2018/09/24-06:38:24.512812 7f5a32fe6700         Options.access_hint_on_compaction_start: 1
2018/09/24-06:38:24.512814 7f5a32fe6700  Options.new_table_reader_for_compaction_inputs: 0
2018/09/24-06:38:24.512816 7f5a32fe6700               Options.compaction_readahead_size: 0
2018/09/24-06:38:24.512818 7f5a32fe6700           Options.random_access_max_buffer_size: 1048576
2018/09/24-06:38:24.512820 7f5a32fe6700           Options.writable_file_max_buffer_size: 1048576
2018/09/24-06:38:24.512822 7f5a32fe6700                      Options.use_adaptive_mutex: 0
2018/09/24-06:38:24.512824 7f5a32fe6700                            Options.rate_limiter: (nil)
2018/09/24-06:38:24.512827 7f5a32fe6700     Options.sst_file_manager.rate_bytes_per_sec: 0
2018/09/24-06:38:24.512829 7f5a32fe6700                          Options.bytes_per_sync: 0
2018/09/24-06:38:24.512831 7f5a32fe6700                      Options.wal_bytes_per_sync: 0
2018/09/24-06:38:24.512833 7f5a32fe6700                       Options.wal_recovery_mode: 2
2018/09/24-06:38:24.512854 7f5a32fe6700                  Options.enable_thread_tracking: 0
2018/09/24-06:38:24.512858 7f5a32fe6700                  Options.enable_pipelined_write: 0
2018/09/24-06:38:24.512860 7f5a32fe6700         Options.allow_concurrent_memtable_write: 1
2018/09/24-06:38:24.512862 7f5a32fe6700      Options.enable_write_thread_adaptive_yield: 1
2018/09/24-06:38:24.512864 7f5a32fe6700             Options.write_thread_max_yield_usec: 100
2018/09/24-06:38:24.512866 7f5a32fe6700            Options.write_thread_slow_yield_usec: 3
2018/09/24-06:38:24.512869 7f5a32fe6700                               Options.row_cache: None
2018/09/24-06:38:24.512871 7f5a32fe6700                              Options.wal_filter: None
2018/09/24-06:38:24.512873 7f5a32fe6700             Options.avoid_flush_during_recovery: 0
2018/09/24-06:38:24.512875 7f5a32fe6700             Options.allow_ingest_behind: 0
2018/09/24-06:38:24.512877 7f5a32fe6700             Options.concurrent_prepare: 0
2018/09/24-06:38:24.512879 7f5a32fe6700             Options.manual_wal_flush: 0
2018/09/24-06:38:24.512882 7f5a32fe6700             Options.max_background_jobs: 2
2018/09/24-06:38:24.512884 7f5a32fe6700             Options.max_background_compactions: -1
2018/09/24-06:38:24.512886 7f5a32fe6700             Options.avoid_flush_during_shutdown: 0
2018/09/24-06:38:24.512888 7f5a32fe6700             Options.delayed_write_rate : 16777216
2018/09/24-06:38:24.512891 7f5a32fe6700             Options.max_total_wal_size: 0
2018/09/24-06:38:24.512893 7f5a32fe6700             Options.delete_obsolete_files_period_micros: 21600000000
2018/09/24-06:38:24.512895 7f5a32fe6700                   Options.stats_dump_period_sec: 600
2018/09/24-06:38:24.512897 7f5a32fe6700                          Options.max_open_files: -1
2018/09/24-06:38:24.512900 7f5a32fe6700 Compression algorithms supported:
2018/09/24-06:38:24.512902 7f5a32fe6700 	Snappy supported: 1
2018/09/24-06:38:24.512904 7f5a32fe6700 	Zlib supported: 1
2018/09/24-06:38:24.512906 7f5a32fe6700 	Bzip supported: 1
2018/09/24-06:38:24.512908 7f5a32fe6700 	LZ4 supported: 1
2018/09/24-06:38:24.512911 7f5a32fe6700 	ZSTD supported: 1
2018/09/24-06:38:24.512913 7f5a32fe6700 Fast CRC32 supported: 0
2018/09/24-06:38:24.513043 7f5a32fe6700 [db/db_impl_open.cc:216] Creating manifest 1 
2018/09/24-06:38:24.770738 7f5a32fe6700 [db/version_set.cc:2712] Recovering from manifest file: MANIFEST-000001
2018/09/24-06:38:24.770822 7f5a32fe6700 [db/column_family.cc:413] --------------- Options for column family [default]:
2018/09/24-06:38:24.770827 7f5a32fe6700               Options.comparator: leveldb.BytewiseComparator
2018/09/24-06:38:24.770830 7f5a32fe6700           Options.merge_operator: None
2018/09/24-06:38:24.770832 7f5a32fe6700        Options.compaction_filter: None
2018/09/24-06:38:24.770833 7f5a32fe6700        Options.compaction_filter_factory: None
2018/09/24-06:38:24.770836 7f5a32fe6700         Options.memtable_factory: SkipListFactory
2018/09/24-06:38:24.770838 7f5a32fe6700            Options.table_factory: BlockBasedTable
2018/09/24-06:38:24.770883 7f5a32fe6700            table_factory options:   flush_block_policy_factory: FlushBlockBySizePolicyFactory (0x7f5a2c8403b0)
  cache_index_and_filter_blocks: 0
  cache_index_and_filter_blocks_with_high_priority: 0
  pin_l0_filter_and_index_blocks_in_cache: 0
  index_type: 2
  hash_index_allow_collision: 1
  checksum: 1
  no_block_cache: 0
  block_cache: 0x7f5a2c849ef8
  block_cache_name: LRUCache
  block_cache_options:
    capacity : 104857600
    num_shard_bits : 6
    strict_capacity_limit : 0
    high_pri_pool_ratio: 0.000
  block_cache_compressed: (nil)
  persistent_cache: (nil)
  block_size: 262144
  block_size_deviation: 10
  block_restart_interval: 16
  index_block_restart_interval: 1
  filter_policy: rocksdb.BuiltinBloomFilter
  whole_key_filtering: 1
  format_version: 0
2018/09/24-06:38:24.770891 7f5a32fe6700        Options.write_buffer_size: 52428800
2018/09/24-06:38:24.770894 7f5a32fe6700  Options.max_write_buffer_number: 2
2018/09/24-06:38:24.770923 7f5a32fe6700          Options.compression: Snappy
2018/09/24-06:38:24.770927 7f5a32fe6700                  Options.bottommost_compression: Disabled
2018/09/24-06:38:24.770930 7f5a32fe6700       Options.prefix_extractor: rocksdb.FixedPrefix.4
2018/09/24-06:38:24.770932 7f5a32fe6700   Options.memtable_insert_with_hint_prefix_extractor: nullptr
2018/09/24-06:38:24.770934 7f5a32fe6700             Options.num_levels: 7
2018/09/24-06:38:24.770936 7f5a32fe6700        Options.min_write_buffer_number_to_merge: 1
2018/09/24-06:38:24.770938 7f5a32fe6700     Options.max_write_buffer_number_to_maintain: 0
2018/09/24-06:38:24.770940 7f5a32fe6700            Options.compression_opts.window_bits: -14
2018/09/24-06:38:24.770942 7f5a32fe6700                  Options.compression_opts.level: -1
2018/09/24-06:38:24.770944 7f5a32fe6700               Options.compression_opts.strategy: 0
2018/09/24-06:38:24.770946 7f5a32fe6700         Options.compression_opts.max_dict_bytes: 0
2018/09/24-06:38:24.770948 7f5a32fe6700      Options.level0_file_num_compaction_trigger: 4
2018/09/24-06:38:24.770950 7f5a32fe6700          Options.level0_slowdown_writes_trigger: 20
2018/09/24-06:38:24.770952 7f5a32fe6700              Options.level0_stop_writes_trigger: 36
2018/09/24-06:38:24.770954 7f5a32fe6700                   Options.target_file_size_base: 67108864
2018/09/24-06:38:24.770956 7f5a32fe6700             Options.target_file_size_multiplier: 1
2018/09/24-06:38:24.770958 7f5a32fe6700                Options.max_bytes_for_level_base: 268435456
2018/09/24-06:38:24.770960 7f5a32fe6700 Options.level_compaction_dynamic_level_bytes: 0
2018/09/24-06:38:24.770962 7f5a32fe6700          Options.max_bytes_for_level_multiplier: 10.000000
2018/09/24-06:38:24.770967 7f5a32fe6700 Options.max_bytes_for_level_multiplier_addtl[0]: 1
2018/09/24-06:38:24.770969 7f5a32fe6700 Options.max_bytes_for_level_multiplier_addtl[1]: 1
2018/09/24-06:38:24.770971 7f5a32fe6700 Options.max_bytes_for_level_multiplier_addtl[2]: 1
2018/09/24-06:38:24.770973 7f5a32fe6700 Options.max_bytes_for_level_multiplier_addtl[3]: 1
2018/09/24-06:38:24.770975 7f5a32fe6700 Options.max_bytes_for_level_multiplier_addtl[4]: 1
2018/09/24-06:38:24.770977 7f5a32fe6700 Options.max_bytes_for_level_multiplier_addtl[5]: 1
2018/09/24-06:38:24.770979 7f5a32fe6700 Options.max_bytes_for_level_multiplier_addtl[6]: 1
2018/09/24-06:38:24.770981 7f5a32fe6700       Options.max_sequential_skip_in_iterations: 8
2018/09/24-06:38:24.770983 7f5a32fe6700                    Options.max_compaction_bytes: 1677721600
2018/09/24-06:38:24.770985 7f5a32fe6700                        Options.arena_block_size: 6553600
2018/09/24-06:38:24.770987 7f5a32fe6700   Options.soft_pending_compaction_bytes_limit: 68719476736
2018/09/24-06:38:24.770989 7f5a32fe6700   Options.hard_pending_compaction_bytes_limit: 274877906944
2018/09/24-06:38:24.770991 7f5a32fe6700       Options.rate_limit_delay_max_milliseconds: 100
2018/09/24-06:38:24.770993 7f5a32fe6700                Options.disable_auto_compactions: 0
2018/09/24-06:38:24.770996 7f5a32fe6700                        Options.compaction_style: kCompactionStyleLevel
2018/09/24-06:38:24.770998 7f5a32fe6700                          Options.compaction_pri: kByCompensatedSize
2018/09/24-06:38:24.771000 7f5a32fe6700 Options.compaction_options_universal.size_ratio: 1
2018/09/24-06:38:24.771002 7f5a32fe6700 Options.compaction_options_universal.min_merge_width: 2
2018/09/24-06:38:24.771004 7f5a32fe6700 Options.compaction_options_universal.max_merge_width: 4294967295
2018/09/24-06:38:24.771006 7f5a32fe6700 Options.compaction_options_universal.max_size_amplification_percent: 200
2018/09/24-06:38:24.771008 7f5a32fe6700 Options.compaction_options_universal.compression_size_percent: -1
2018/09/24-06:38:24.771011 7f5a32fe6700 Options.compaction_options_universal.stop_style: kCompactionStopStyleTotalSize
2018/09/24-06:38:24.771013 7f5a32fe6700 Options.compaction_options_fifo.max_table_files_size: 1073741824
2018/09/24-06:38:24.771015 7f5a32fe6700 Options.compaction_options_fifo.allow_compaction: 0
2018/09/24-06:38:24.771031 7f5a32fe6700 Options.compaction_options_fifo.ttl: 0
2018/09/24-06:38:24.771034 7f5a32fe6700                   Options.table_properties_collectors: 
2018/09/24-06:38:24.771037 7f5a32fe6700                   Options.inplace_update_support: 0
2018/09/24-06:38:24.771039 7f5a32fe6700                 Options.inplace_update_num_locks: 10000
2018/09/24-06:38:24.771040 7f5a32fe6700               Options.memtable_prefix_bloom_size_ratio: 0.000000
2018/09/24-06:38:24.771043 7f5a32fe6700   Options.memtable_huge_page_size: 0
2018/09/24-06:38:24.771045 7f5a32fe6700                           Options.bloom_locality: 0
2018/09/24-06:38:24.771047 7f5a32fe6700                    Options.max_successive_merges: 0
2018/09/24-06:38:24.771049 7f5a32fe6700                Options.optimize_filters_for_hits: 0
2018/09/24-06:38:24.771051 7f5a32fe6700                Options.paranoid_file_checks: 0
2018/09/24-06:38:24.771053 7f5a32fe6700                Options.force_consistency_checks: 0
2018/09/24-06:38:24.771055 7f5a32fe6700                Options.report_bg_io_stats: 0
2018/09/24-06:38:24.772057 7f5a32fe6700 [db/version_set.cc:2969] Recovered from manifest file:testDispose//tmp/rdbfactorytest341/MANIFEST-000001 succeeded,manifest_file_number is 1, next_file_number is 3, last_sequence is 0, log_number is 0,prev_log_number is 0,max_column_family is 0
2018/09/24-06:38:24.772065 7f5a32fe6700 [db/version_set.cc:2977] Column family [default] (ID 0), log number is 0
2018/09/24-06:38:24.962980 7f5a32fe6700 [db/db_impl_open.cc:1111] DB pointer 0x7f5a2e74f770
2018/09/24-06:38:54.933765 7f59da2f9700 [db/db_impl.cc:222] Shutdown: canceling all background work
2018/09/24-06:38:54.933884 7f59da2f9700 [db/db_impl.cc:348] Shutdown complete
