2018/09/11-10:45:33.552981 7fcf02fb6700 RocksDB version: 5.7.3
2018/09/11-10:45:33.553023 7fcf02fb6700 Git sha rocksdb_build_git_sha:
2018/09/11-10:45:33.553027 7fcf02fb6700 Compile date Sep  1 2017
2018/09/11-10:45:33.553030 7fcf02fb6700 DB SUMMARY
2018/09/11-10:45:33.553089 7fcf02fb6700 SST files in testDispose//tmp/rdbfactorytest118 dir, Total Num: 0, files: 
2018/09/11-10:45:33.553095 7fcf02fb6700 Write Ahead Log file in testDispose//tmp/rdbfactorytest118: 
2018/09/11-10:45:33.553098 7fcf02fb6700                         Options.error_if_exists: 0
2018/09/11-10:45:33.553100 7fcf02fb6700                       Options.create_if_missing: 1
2018/09/11-10:45:33.553102 7fcf02fb6700                         Options.paranoid_checks: 1
2018/09/11-10:45:33.553104 7fcf02fb6700                                     Options.env: 0x7fceceb59880
2018/09/11-10:45:33.553106 7fcf02fb6700                                Options.info_log: 0x7fcefd71b5e0
2018/09/11-10:45:33.553108 7fcf02fb6700                Options.max_file_opening_threads: 16
2018/09/11-10:45:33.553110 7fcf02fb6700                               Options.use_fsync: 0
2018/09/11-10:45:33.553112 7fcf02fb6700                       Options.max_log_file_size: 0
2018/09/11-10:45:33.553114 7fcf02fb6700                  Options.max_manifest_file_size: 18446744073709551615
2018/09/11-10:45:33.553116 7fcf02fb6700                   Options.log_file_time_to_roll: 0
2018/09/11-10:45:33.553118 7fcf02fb6700                       Options.keep_log_file_num: 1000
2018/09/11-10:45:33.553120 7fcf02fb6700                    Options.recycle_log_file_num: 0
2018/09/11-10:45:33.553122 7fcf02fb6700                         Options.allow_fallocate: 1
2018/09/11-10:45:33.553124 7fcf02fb6700                        Options.allow_mmap_reads: 0
2018/09/11-10:45:33.553125 7fcf02fb6700                       Options.allow_mmap_writes: 0
2018/09/11-10:45:33.553127 7fcf02fb6700                        Options.use_direct_reads: 0
2018/09/11-10:45:33.553129 7fcf02fb6700                        Options.use_direct_io_for_flush_and_compaction: 0
2018/09/11-10:45:33.553131 7fcf02fb6700          Options.create_missing_column_families: 0
2018/09/11-10:45:33.553133 7fcf02fb6700                              Options.db_log_dir: 
2018/09/11-10:45:33.553135 7fcf02fb6700                                 Options.wal_dir: testDispose//tmp/rdbfactorytest118
2018/09/11-10:45:33.553137 7fcf02fb6700                Options.table_cache_numshardbits: 6
2018/09/11-10:45:33.553138 7fcf02fb6700                      Options.max_subcompactions: 1
2018/09/11-10:45:33.553140 7fcf02fb6700                  Options.max_background_flushes: -1
2018/09/11-10:45:33.553142 7fcf02fb6700                         Options.WAL_ttl_seconds: 0
2018/09/11-10:45:33.553144 7fcf02fb6700                       Options.WAL_size_limit_MB: 0
2018/09/11-10:45:33.553146 7fcf02fb6700             Options.manifest_preallocation_size: 4194304
2018/09/11-10:45:33.553148 7fcf02fb6700                     Options.is_fd_close_on_exec: 1
2018/09/11-10:45:33.553150 7fcf02fb6700                   Options.advise_random_on_open: 1
2018/09/11-10:45:33.553152 7fcf02fb6700                    Options.db_write_buffer_size: 0
2018/09/11-10:45:33.553153 7fcf02fb6700         Options.access_hint_on_compaction_start: 1
2018/09/11-10:45:33.553155 7fcf02fb6700  Options.new_table_reader_for_compaction_inputs: 0
2018/09/11-10:45:33.553157 7fcf02fb6700               Options.compaction_readahead_size: 0
2018/09/11-10:45:33.553159 7fcf02fb6700           Options.random_access_max_buffer_size: 1048576
2018/09/11-10:45:33.553161 7fcf02fb6700           Options.writable_file_max_buffer_size: 1048576
2018/09/11-10:45:33.553163 7fcf02fb6700                      Options.use_adaptive_mutex: 0
2018/09/11-10:45:33.553165 7fcf02fb6700                            Options.rate_limiter: (nil)
2018/09/11-10:45:33.553167 7fcf02fb6700     Options.sst_file_manager.rate_bytes_per_sec: 0
2018/09/11-10:45:33.553169 7fcf02fb6700                          Options.bytes_per_sync: 0
2018/09/11-10:45:33.553171 7fcf02fb6700                      Options.wal_bytes_per_sync: 0
2018/09/11-10:45:33.553172 7fcf02fb6700                       Options.wal_recovery_mode: 2
2018/09/11-10:45:33.553192 7fcf02fb6700                  Options.enable_thread_tracking: 0
2018/09/11-10:45:33.553196 7fcf02fb6700                  Options.enable_pipelined_write: 0
2018/09/11-10:45:33.553198 7fcf02fb6700         Options.allow_concurrent_memtable_write: 1
2018/09/11-10:45:33.553200 7fcf02fb6700      Options.enable_write_thread_adaptive_yield: 1
2018/09/11-10:45:33.553201 7fcf02fb6700             Options.write_thread_max_yield_usec: 100
2018/09/11-10:45:33.553203 7fcf02fb6700            Options.write_thread_slow_yield_usec: 3
2018/09/11-10:45:33.553216 7fcf02fb6700                               Options.row_cache: None
2018/09/11-10:45:33.553218 7fcf02fb6700                              Options.wal_filter: None
2018/09/11-10:45:33.553220 7fcf02fb6700             Options.avoid_flush_during_recovery: 0
2018/09/11-10:45:33.553222 7fcf02fb6700             Options.allow_ingest_behind: 0
2018/09/11-10:45:33.553224 7fcf02fb6700             Options.concurrent_prepare: 0
2018/09/11-10:45:33.553226 7fcf02fb6700             Options.manual_wal_flush: 0
2018/09/11-10:45:33.553228 7fcf02fb6700             Options.max_background_jobs: 2
2018/09/11-10:45:33.553230 7fcf02fb6700             Options.max_background_compactions: -1
2018/09/11-10:45:33.553232 7fcf02fb6700             Options.avoid_flush_during_shutdown: 0
2018/09/11-10:45:33.553233 7fcf02fb6700             Options.delayed_write_rate : 16777216
2018/09/11-10:45:33.553235 7fcf02fb6700             Options.max_total_wal_size: 0
2018/09/11-10:45:33.553238 7fcf02fb6700             Options.delete_obsolete_files_period_micros: 21600000000
2018/09/11-10:45:33.553240 7fcf02fb6700                   Options.stats_dump_period_sec: 600
2018/09/11-10:45:33.553242 7fcf02fb6700                          Options.max_open_files: -1
2018/09/11-10:45:33.553243 7fcf02fb6700 Compression algorithms supported:
2018/09/11-10:45:33.553245 7fcf02fb6700 	Snappy supported: 1
2018/09/11-10:45:33.553247 7fcf02fb6700 	Zlib supported: 1
2018/09/11-10:45:33.553249 7fcf02fb6700 	Bzip supported: 1
2018/09/11-10:45:33.553251 7fcf02fb6700 	LZ4 supported: 1
2018/09/11-10:45:33.553253 7fcf02fb6700 	ZSTD supported: 1
2018/09/11-10:45:33.553255 7fcf02fb6700 Fast CRC32 supported: 0
2018/09/11-10:45:33.553377 7fcf02fb6700 [db/db_impl_open.cc:216] Creating manifest 1 
2018/09/11-10:45:33.750914 7fcf02fb6700 [db/version_set.cc:2712] Recovering from manifest file: MANIFEST-000001
2018/09/11-10:45:33.751010 7fcf02fb6700 [db/column_family.cc:413] --------------- Options for column family [default]:
2018/09/11-10:45:33.751015 7fcf02fb6700               Options.comparator: leveldb.BytewiseComparator
2018/09/11-10:45:33.751017 7fcf02fb6700           Options.merge_operator: None
2018/09/11-10:45:33.751019 7fcf02fb6700        Options.compaction_filter: None
2018/09/11-10:45:33.751021 7fcf02fb6700        Options.compaction_filter_factory: None
2018/09/11-10:45:33.751024 7fcf02fb6700         Options.memtable_factory: SkipListFactory
2018/09/11-10:45:33.751026 7fcf02fb6700            Options.table_factory: BlockBasedTable
2018/09/11-10:45:33.751071 7fcf02fb6700            table_factory options:   flush_block_policy_factory: FlushBlockBySizePolicyFactory (0x7fcefc860ad0)
  cache_index_and_filter_blocks: 0
  cache_index_and_filter_blocks_with_high_priority: 0
  pin_l0_filter_and_index_blocks_in_cache: 0
  index_type: 2
  hash_index_allow_collision: 1
  checksum: 1
  no_block_cache: 0
  block_cache: 0x7fcefc82c458
  block_cache_name: LRUCache
  block_cache_options:
    capacity : 104857600
    num_shard_bits : 6
    strict_capacity_limit : 0
    high_pri_pool_ratio: 0.000
  block_cache_compressed: (nil)
  persistent_cache: (nil)
  block_size: 262144
  block_size_deviation: 10
  block_restart_interval: 16
  index_block_restart_interval: 1
  filter_policy: rocksdb.BuiltinBloomFilter
  whole_key_filtering: 1
  format_version: 0
2018/09/11-10:45:33.751076 7fcf02fb6700        Options.write_buffer_size: 52428800
2018/09/11-10:45:33.751079 7fcf02fb6700  Options.max_write_buffer_number: 2
2018/09/11-10:45:33.751117 7fcf02fb6700          Options.compression: Snappy
2018/09/11-10:45:33.751121 7fcf02fb6700                  Options.bottommost_compression: Disabled
2018/09/11-10:45:33.751123 7fcf02fb6700       Options.prefix_extractor: rocksdb.FixedPrefix.4
2018/09/11-10:45:33.751125 7fcf02fb6700   Options.memtable_insert_with_hint_prefix_extractor: nullptr
2018/09/11-10:45:33.751128 7fcf02fb6700             Options.num_levels: 7
2018/09/11-10:45:33.751129 7fcf02fb6700        Options.min_write_buffer_number_to_merge: 1
2018/09/11-10:45:33.751131 7fcf02fb6700     Options.max_write_buffer_number_to_maintain: 0
2018/09/11-10:45:33.751133 7fcf02fb6700            Options.compression_opts.window_bits: -14
2018/09/11-10:45:33.751135 7fcf02fb6700                  Options.compression_opts.level: -1
2018/09/11-10:45:33.751137 7fcf02fb6700               Options.compression_opts.strategy: 0
2018/09/11-10:45:33.751139 7fcf02fb6700         Options.compression_opts.max_dict_bytes: 0
2018/09/11-10:45:33.751141 7fcf02fb6700      Options.level0_file_num_compaction_trigger: 4
2018/09/11-10:45:33.751143 7fcf02fb6700          Options.level0_slowdown_writes_trigger: 20
2018/09/11-10:45:33.751145 7fcf02fb6700              Options.level0_stop_writes_trigger: 36
2018/09/11-10:45:33.751147 7fcf02fb6700                   Options.target_file_size_base: 67108864
2018/09/11-10:45:33.751149 7fcf02fb6700             Options.target_file_size_multiplier: 1
2018/09/11-10:45:33.751151 7fcf02fb6700                Options.max_bytes_for_level_base: 268435456
2018/09/11-10:45:33.751153 7fcf02fb6700 Options.level_compaction_dynamic_level_bytes: 0
2018/09/11-10:45:33.751155 7fcf02fb6700          Options.max_bytes_for_level_multiplier: 10.000000
2018/09/11-10:45:33.751159 7fcf02fb6700 Options.max_bytes_for_level_multiplier_addtl[0]: 1
2018/09/11-10:45:33.751162 7fcf02fb6700 Options.max_bytes_for_level_multiplier_addtl[1]: 1
2018/09/11-10:45:33.751164 7fcf02fb6700 Options.max_bytes_for_level_multiplier_addtl[2]: 1
2018/09/11-10:45:33.751166 7fcf02fb6700 Options.max_bytes_for_level_multiplier_addtl[3]: 1
2018/09/11-10:45:33.751167 7fcf02fb6700 Options.max_bytes_for_level_multiplier_addtl[4]: 1
2018/09/11-10:45:33.751169 7fcf02fb6700 Options.max_bytes_for_level_multiplier_addtl[5]: 1
2018/09/11-10:45:33.751171 7fcf02fb6700 Options.max_bytes_for_level_multiplier_addtl[6]: 1
2018/09/11-10:45:33.751173 7fcf02fb6700       Options.max_sequential_skip_in_iterations: 8
2018/09/11-10:45:33.751175 7fcf02fb6700                    Options.max_compaction_bytes: 1677721600
2018/09/11-10:45:33.751177 7fcf02fb6700                        Options.arena_block_size: 6553600
2018/09/11-10:45:33.751179 7fcf02fb6700   Options.soft_pending_compaction_bytes_limit: 68719476736
2018/09/11-10:45:33.751181 7fcf02fb6700   Options.hard_pending_compaction_bytes_limit: 274877906944
2018/09/11-10:45:33.751183 7fcf02fb6700       Options.rate_limit_delay_max_milliseconds: 100
2018/09/11-10:45:33.751185 7fcf02fb6700                Options.disable_auto_compactions: 0
2018/09/11-10:45:33.751188 7fcf02fb6700                        Options.compaction_style: kCompactionStyleLevel
2018/09/11-10:45:33.751190 7fcf02fb6700                          Options.compaction_pri: kByCompensatedSize
2018/09/11-10:45:33.751192 7fcf02fb6700 Options.compaction_options_universal.size_ratio: 1
2018/09/11-10:45:33.751194 7fcf02fb6700 Options.compaction_options_universal.min_merge_width: 2
2018/09/11-10:45:33.751196 7fcf02fb6700 Options.compaction_options_universal.max_merge_width: 4294967295
2018/09/11-10:45:33.751198 7fcf02fb6700 Options.compaction_options_universal.max_size_amplification_percent: 200
2018/09/11-10:45:33.751200 7fcf02fb6700 Options.compaction_options_universal.compression_size_percent: -1
2018/09/11-10:45:33.751202 7fcf02fb6700 Options.compaction_options_universal.stop_style: kCompactionStopStyleTotalSize
2018/09/11-10:45:33.751235 7fcf02fb6700 Options.compaction_options_fifo.max_table_files_size: 1073741824
2018/09/11-10:45:33.751239 7fcf02fb6700 Options.compaction_options_fifo.allow_compaction: 0
2018/09/11-10:45:33.751264 7fcf02fb6700 Options.compaction_options_fifo.ttl: 0
2018/09/11-10:45:33.751267 7fcf02fb6700                   Options.table_properties_collectors: 
2018/09/11-10:45:33.751269 7fcf02fb6700                   Options.inplace_update_support: 0
2018/09/11-10:45:33.751271 7fcf02fb6700                 Options.inplace_update_num_locks: 10000
2018/09/11-10:45:33.751274 7fcf02fb6700               Options.memtable_prefix_bloom_size_ratio: 0.000000
2018/09/11-10:45:33.751277 7fcf02fb6700   Options.memtable_huge_page_size: 0
2018/09/11-10:45:33.751279 7fcf02fb6700                           Options.bloom_locality: 0
2018/09/11-10:45:33.751281 7fcf02fb6700                    Options.max_successive_merges: 0
2018/09/11-10:45:33.751283 7fcf02fb6700                Options.optimize_filters_for_hits: 0
2018/09/11-10:45:33.751285 7fcf02fb6700                Options.paranoid_file_checks: 0
2018/09/11-10:45:33.751287 7fcf02fb6700                Options.force_consistency_checks: 0
2018/09/11-10:45:33.751289 7fcf02fb6700                Options.report_bg_io_stats: 0
2018/09/11-10:45:33.752291 7fcf02fb6700 [db/version_set.cc:2969] Recovered from manifest file:testDispose//tmp/rdbfactorytest118/MANIFEST-000001 succeeded,manifest_file_number is 1, next_file_number is 3, last_sequence is 0, log_number is 0,prev_log_number is 0,max_column_family is 0
2018/09/11-10:45:33.752298 7fcf02fb6700 [db/version_set.cc:2977] Column family [default] (ID 0), log number is 0
2018/09/11-10:45:33.869415 7fcf02fb6700 [db/db_impl_open.cc:1111] DB pointer 0x7fcefd71a830
2018/09/11-10:47:21.093536 7fcecdec9700 [db/db_impl.cc:222] Shutdown: canceling all background work
2018/09/11-10:47:21.093633 7fcecdec9700 [db/db_impl.cc:348] Shutdown complete
