2018/09/11-10:46:32.275513 7fcf02fb6700 RocksDB version: 5.7.3
2018/09/11-10:46:32.275559 7fcf02fb6700 Git sha rocksdb_build_git_sha:
2018/09/11-10:46:32.275563 7fcf02fb6700 Compile date Sep  1 2017
2018/09/11-10:46:32.275566 7fcf02fb6700 DB SUMMARY
2018/09/11-10:46:32.275603 7fcf02fb6700 SST files in testDispose//tmp/rdbfactorytest260 dir, Total Num: 0, files: 
2018/09/11-10:46:32.275607 7fcf02fb6700 Write Ahead Log file in testDispose//tmp/rdbfactorytest260: 
2018/09/11-10:46:32.275610 7fcf02fb6700                         Options.error_if_exists: 0
2018/09/11-10:46:32.275613 7fcf02fb6700                       Options.create_if_missing: 1
2018/09/11-10:46:32.275615 7fcf02fb6700                         Options.paranoid_checks: 1
2018/09/11-10:46:32.275617 7fcf02fb6700                                     Options.env: 0x7fceceb59880
2018/09/11-10:46:32.275619 7fcf02fb6700                                Options.info_log: 0x7fcefd4a1dd0
2018/09/11-10:46:32.275621 7fcf02fb6700                Options.max_file_opening_threads: 16
2018/09/11-10:46:32.275622 7fcf02fb6700                               Options.use_fsync: 0
2018/09/11-10:46:32.275624 7fcf02fb6700                       Options.max_log_file_size: 0
2018/09/11-10:46:32.275626 7fcf02fb6700                  Options.max_manifest_file_size: 18446744073709551615
2018/09/11-10:46:32.275628 7fcf02fb6700                   Options.log_file_time_to_roll: 0
2018/09/11-10:46:32.275630 7fcf02fb6700                       Options.keep_log_file_num: 1000
2018/09/11-10:46:32.275632 7fcf02fb6700                    Options.recycle_log_file_num: 0
2018/09/11-10:46:32.275634 7fcf02fb6700                         Options.allow_fallocate: 1
2018/09/11-10:46:32.275636 7fcf02fb6700                        Options.allow_mmap_reads: 0
2018/09/11-10:46:32.275637 7fcf02fb6700                       Options.allow_mmap_writes: 0
2018/09/11-10:46:32.275639 7fcf02fb6700                        Options.use_direct_reads: 0
2018/09/11-10:46:32.275641 7fcf02fb6700                        Options.use_direct_io_for_flush_and_compaction: 0
2018/09/11-10:46:32.275643 7fcf02fb6700          Options.create_missing_column_families: 0
2018/09/11-10:46:32.275644 7fcf02fb6700                              Options.db_log_dir: 
2018/09/11-10:46:32.275646 7fcf02fb6700                                 Options.wal_dir: testDispose//tmp/rdbfactorytest260
2018/09/11-10:46:32.275648 7fcf02fb6700                Options.table_cache_numshardbits: 6
2018/09/11-10:46:32.275650 7fcf02fb6700                      Options.max_subcompactions: 1
2018/09/11-10:46:32.275652 7fcf02fb6700                  Options.max_background_flushes: -1
2018/09/11-10:46:32.275654 7fcf02fb6700                         Options.WAL_ttl_seconds: 0
2018/09/11-10:46:32.275655 7fcf02fb6700                       Options.WAL_size_limit_MB: 0
2018/09/11-10:46:32.275657 7fcf02fb6700             Options.manifest_preallocation_size: 4194304
2018/09/11-10:46:32.275659 7fcf02fb6700                     Options.is_fd_close_on_exec: 1
2018/09/11-10:46:32.275661 7fcf02fb6700                   Options.advise_random_on_open: 1
2018/09/11-10:46:32.275662 7fcf02fb6700                    Options.db_write_buffer_size: 0
2018/09/11-10:46:32.275664 7fcf02fb6700         Options.access_hint_on_compaction_start: 1
2018/09/11-10:46:32.275666 7fcf02fb6700  Options.new_table_reader_for_compaction_inputs: 0
2018/09/11-10:46:32.275668 7fcf02fb6700               Options.compaction_readahead_size: 0
2018/09/11-10:46:32.275670 7fcf02fb6700           Options.random_access_max_buffer_size: 1048576
2018/09/11-10:46:32.275672 7fcf02fb6700           Options.writable_file_max_buffer_size: 1048576
2018/09/11-10:46:32.275673 7fcf02fb6700                      Options.use_adaptive_mutex: 0
2018/09/11-10:46:32.275675 7fcf02fb6700                            Options.rate_limiter: (nil)
2018/09/11-10:46:32.275677 7fcf02fb6700     Options.sst_file_manager.rate_bytes_per_sec: 0
2018/09/11-10:46:32.275679 7fcf02fb6700                          Options.bytes_per_sync: 0
2018/09/11-10:46:32.275681 7fcf02fb6700                      Options.wal_bytes_per_sync: 0
2018/09/11-10:46:32.275683 7fcf02fb6700                       Options.wal_recovery_mode: 2
2018/09/11-10:46:32.275702 7fcf02fb6700                  Options.enable_thread_tracking: 0
2018/09/11-10:46:32.275705 7fcf02fb6700                  Options.enable_pipelined_write: 0
2018/09/11-10:46:32.275707 7fcf02fb6700         Options.allow_concurrent_memtable_write: 1
2018/09/11-10:46:32.275709 7fcf02fb6700      Options.enable_write_thread_adaptive_yield: 1
2018/09/11-10:46:32.275710 7fcf02fb6700             Options.write_thread_max_yield_usec: 100
2018/09/11-10:46:32.275712 7fcf02fb6700            Options.write_thread_slow_yield_usec: 3
2018/09/11-10:46:32.275715 7fcf02fb6700                               Options.row_cache: None
2018/09/11-10:46:32.275716 7fcf02fb6700                              Options.wal_filter: None
2018/09/11-10:46:32.275718 7fcf02fb6700             Options.avoid_flush_during_recovery: 0
2018/09/11-10:46:32.275720 7fcf02fb6700             Options.allow_ingest_behind: 0
2018/09/11-10:46:32.275722 7fcf02fb6700             Options.concurrent_prepare: 0
2018/09/11-10:46:32.275724 7fcf02fb6700             Options.manual_wal_flush: 0
2018/09/11-10:46:32.275726 7fcf02fb6700             Options.max_background_jobs: 2
2018/09/11-10:46:32.275727 7fcf02fb6700             Options.max_background_compactions: -1
2018/09/11-10:46:32.275729 7fcf02fb6700             Options.avoid_flush_during_shutdown: 0
2018/09/11-10:46:32.275731 7fcf02fb6700             Options.delayed_write_rate : 16777216
2018/09/11-10:46:32.275733 7fcf02fb6700             Options.max_total_wal_size: 0
2018/09/11-10:46:32.275735 7fcf02fb6700             Options.delete_obsolete_files_period_micros: 21600000000
2018/09/11-10:46:32.275737 7fcf02fb6700                   Options.stats_dump_period_sec: 600
2018/09/11-10:46:32.275739 7fcf02fb6700                          Options.max_open_files: -1
2018/09/11-10:46:32.275741 7fcf02fb6700 Compression algorithms supported:
2018/09/11-10:46:32.275743 7fcf02fb6700 	Snappy supported: 1
2018/09/11-10:46:32.275744 7fcf02fb6700 	Zlib supported: 1
2018/09/11-10:46:32.275746 7fcf02fb6700 	Bzip supported: 1
2018/09/11-10:46:32.275748 7fcf02fb6700 	LZ4 supported: 1
2018/09/11-10:46:32.275750 7fcf02fb6700 	ZSTD supported: 1
2018/09/11-10:46:32.275752 7fcf02fb6700 Fast CRC32 supported: 0
2018/09/11-10:46:32.275858 7fcf02fb6700 [db/db_impl_open.cc:216] Creating manifest 1 
2018/09/11-10:46:32.499012 7fcf02fb6700 [db/version_set.cc:2712] Recovering from manifest file: MANIFEST-000001
2018/09/11-10:46:32.499070 7fcf02fb6700 [db/column_family.cc:413] --------------- Options for column family [default]:
2018/09/11-10:46:32.499074 7fcf02fb6700               Options.comparator: leveldb.BytewiseComparator
2018/09/11-10:46:32.499075 7fcf02fb6700           Options.merge_operator: None
2018/09/11-10:46:32.499077 7fcf02fb6700        Options.compaction_filter: None
2018/09/11-10:46:32.499078 7fcf02fb6700        Options.compaction_filter_factory: None
2018/09/11-10:46:32.499079 7fcf02fb6700         Options.memtable_factory: SkipListFactory
2018/09/11-10:46:32.499081 7fcf02fb6700            Options.table_factory: BlockBasedTable
2018/09/11-10:46:32.499107 7fcf02fb6700            table_factory options:   flush_block_policy_factory: FlushBlockBySizePolicyFactory (0x7fcefc860ad0)
  cache_index_and_filter_blocks: 0
  cache_index_and_filter_blocks_with_high_priority: 0
  pin_l0_filter_and_index_blocks_in_cache: 0
  index_type: 2
  hash_index_allow_collision: 1
  checksum: 1
  no_block_cache: 0
  block_cache: 0x7fcefc82c458
  block_cache_name: LRUCache
  block_cache_options:
    capacity : 104857600
    num_shard_bits : 6
    strict_capacity_limit : 0
    high_pri_pool_ratio: 0.000
  block_cache_compressed: (nil)
  persistent_cache: (nil)
  block_size: 262144
  block_size_deviation: 10
  block_restart_interval: 16
  index_block_restart_interval: 1
  filter_policy: rocksdb.BuiltinBloomFilter
  whole_key_filtering: 1
  format_version: 0
2018/09/11-10:46:32.499110 7fcf02fb6700        Options.write_buffer_size: 52428800
2018/09/11-10:46:32.499112 7fcf02fb6700  Options.max_write_buffer_number: 2
2018/09/11-10:46:32.499136 7fcf02fb6700          Options.compression: Snappy
2018/09/11-10:46:32.499138 7fcf02fb6700                  Options.bottommost_compression: Disabled
2018/09/11-10:46:32.499140 7fcf02fb6700       Options.prefix_extractor: rocksdb.FixedPrefix.4
2018/09/11-10:46:32.499141 7fcf02fb6700   Options.memtable_insert_with_hint_prefix_extractor: nullptr
2018/09/11-10:46:32.499142 7fcf02fb6700             Options.num_levels: 7
2018/09/11-10:46:32.499143 7fcf02fb6700        Options.min_write_buffer_number_to_merge: 1
2018/09/11-10:46:32.499145 7fcf02fb6700     Options.max_write_buffer_number_to_maintain: 0
2018/09/11-10:46:32.499146 7fcf02fb6700            Options.compression_opts.window_bits: -14
2018/09/11-10:46:32.499147 7fcf02fb6700                  Options.compression_opts.level: -1
2018/09/11-10:46:32.499148 7fcf02fb6700               Options.compression_opts.strategy: 0
2018/09/11-10:46:32.499150 7fcf02fb6700         Options.compression_opts.max_dict_bytes: 0
2018/09/11-10:46:32.499151 7fcf02fb6700      Options.level0_file_num_compaction_trigger: 4
2018/09/11-10:46:32.499152 7fcf02fb6700          Options.level0_slowdown_writes_trigger: 20
2018/09/11-10:46:32.499153 7fcf02fb6700              Options.level0_stop_writes_trigger: 36
2018/09/11-10:46:32.499154 7fcf02fb6700                   Options.target_file_size_base: 67108864
2018/09/11-10:46:32.499156 7fcf02fb6700             Options.target_file_size_multiplier: 1
2018/09/11-10:46:32.499157 7fcf02fb6700                Options.max_bytes_for_level_base: 268435456
2018/09/11-10:46:32.499158 7fcf02fb6700 Options.level_compaction_dynamic_level_bytes: 0
2018/09/11-10:46:32.499159 7fcf02fb6700          Options.max_bytes_for_level_multiplier: 10.000000
2018/09/11-10:46:32.499163 7fcf02fb6700 Options.max_bytes_for_level_multiplier_addtl[0]: 1
2018/09/11-10:46:32.499164 7fcf02fb6700 Options.max_bytes_for_level_multiplier_addtl[1]: 1
2018/09/11-10:46:32.499165 7fcf02fb6700 Options.max_bytes_for_level_multiplier_addtl[2]: 1
2018/09/11-10:46:32.499167 7fcf02fb6700 Options.max_bytes_for_level_multiplier_addtl[3]: 1
2018/09/11-10:46:32.499168 7fcf02fb6700 Options.max_bytes_for_level_multiplier_addtl[4]: 1
2018/09/11-10:46:32.499169 7fcf02fb6700 Options.max_bytes_for_level_multiplier_addtl[5]: 1
2018/09/11-10:46:32.499170 7fcf02fb6700 Options.max_bytes_for_level_multiplier_addtl[6]: 1
2018/09/11-10:46:32.499171 7fcf02fb6700       Options.max_sequential_skip_in_iterations: 8
2018/09/11-10:46:32.499172 7fcf02fb6700                    Options.max_compaction_bytes: 1677721600
2018/09/11-10:46:32.499174 7fcf02fb6700                        Options.arena_block_size: 6553600
2018/09/11-10:46:32.499175 7fcf02fb6700   Options.soft_pending_compaction_bytes_limit: 68719476736
2018/09/11-10:46:32.499176 7fcf02fb6700   Options.hard_pending_compaction_bytes_limit: 274877906944
2018/09/11-10:46:32.499178 7fcf02fb6700       Options.rate_limit_delay_max_milliseconds: 100
2018/09/11-10:46:32.499179 7fcf02fb6700                Options.disable_auto_compactions: 0
2018/09/11-10:46:32.499181 7fcf02fb6700                        Options.compaction_style: kCompactionStyleLevel
2018/09/11-10:46:32.499182 7fcf02fb6700                          Options.compaction_pri: kByCompensatedSize
2018/09/11-10:46:32.499183 7fcf02fb6700 Options.compaction_options_universal.size_ratio: 1
2018/09/11-10:46:32.499185 7fcf02fb6700 Options.compaction_options_universal.min_merge_width: 2
2018/09/11-10:46:32.499186 7fcf02fb6700 Options.compaction_options_universal.max_merge_width: 4294967295
2018/09/11-10:46:32.499187 7fcf02fb6700 Options.compaction_options_universal.max_size_amplification_percent: 200
2018/09/11-10:46:32.499188 7fcf02fb6700 Options.compaction_options_universal.compression_size_percent: -1
2018/09/11-10:46:32.499190 7fcf02fb6700 Options.compaction_options_universal.stop_style: kCompactionStopStyleTotalSize
2018/09/11-10:46:32.499191 7fcf02fb6700 Options.compaction_options_fifo.max_table_files_size: 1073741824
2018/09/11-10:46:32.499192 7fcf02fb6700 Options.compaction_options_fifo.allow_compaction: 0
2018/09/11-10:46:32.499203 7fcf02fb6700 Options.compaction_options_fifo.ttl: 0
2018/09/11-10:46:32.499216 7fcf02fb6700                   Options.table_properties_collectors: 
2018/09/11-10:46:32.499217 7fcf02fb6700                   Options.inplace_update_support: 0
2018/09/11-10:46:32.499219 7fcf02fb6700                 Options.inplace_update_num_locks: 10000
2018/09/11-10:46:32.499220 7fcf02fb6700               Options.memtable_prefix_bloom_size_ratio: 0.000000
2018/09/11-10:46:32.499222 7fcf02fb6700   Options.memtable_huge_page_size: 0
2018/09/11-10:46:32.499223 7fcf02fb6700                           Options.bloom_locality: 0
2018/09/11-10:46:32.499224 7fcf02fb6700                    Options.max_successive_merges: 0
2018/09/11-10:46:32.499225 7fcf02fb6700                Options.optimize_filters_for_hits: 0
2018/09/11-10:46:32.499226 7fcf02fb6700                Options.paranoid_file_checks: 0
2018/09/11-10:46:32.499228 7fcf02fb6700                Options.force_consistency_checks: 0
2018/09/11-10:46:32.499229 7fcf02fb6700                Options.report_bg_io_stats: 0
2018/09/11-10:46:32.499980 7fcf02fb6700 [db/version_set.cc:2969] Recovered from manifest file:testDispose//tmp/rdbfactorytest260/MANIFEST-000001 succeeded,manifest_file_number is 1, next_file_number is 3, last_sequence is 0, log_number is 0,prev_log_number is 0,max_column_family is 0
2018/09/11-10:46:32.499986 7fcf02fb6700 [db/version_set.cc:2977] Column family [default] (ID 0), log number is 0
2018/09/11-10:46:32.632877 7fcf02fb6700 [db/db_impl_open.cc:1111] DB pointer 0x7fcefd495ef0
2018/09/11-10:47:21.107696 7fcecdec9700 [db/db_impl.cc:222] Shutdown: canceling all background work
2018/09/11-10:47:21.107829 7fcecdec9700 [db/db_impl.cc:348] Shutdown complete
