2018/09/24-06:38:21.488791 7f5a32fe6700 RocksDB version: 5.7.3
2018/09/24-06:38:21.488836 7f5a32fe6700 Git sha rocksdb_build_git_sha:
2018/09/24-06:38:21.488841 7f5a32fe6700 Compile date Sep  1 2017
2018/09/24-06:38:21.488844 7f5a32fe6700 DB SUMMARY
2018/09/24-06:38:21.488899 7f5a32fe6700 SST files in testDispose//tmp/rdbfactorytest335 dir, Total Num: 0, files: 
2018/09/24-06:38:21.488905 7f5a32fe6700 Write Ahead Log file in testDispose//tmp/rdbfactorytest335: 
2018/09/24-06:38:21.488908 7f5a32fe6700                         Options.error_if_exists: 0
2018/09/24-06:38:21.488911 7f5a32fe6700                       Options.create_if_missing: 1
2018/09/24-06:38:21.488913 7f5a32fe6700                         Options.paranoid_checks: 1
2018/09/24-06:38:21.488915 7f5a32fe6700                                     Options.env: 0x7f59daf89880
2018/09/24-06:38:21.488917 7f5a32fe6700                                Options.info_log: 0x7f5a2e687820
2018/09/24-06:38:21.488919 7f5a32fe6700                Options.max_file_opening_threads: 16
2018/09/24-06:38:21.488922 7f5a32fe6700                               Options.use_fsync: 0
2018/09/24-06:38:21.488924 7f5a32fe6700                       Options.max_log_file_size: 0
2018/09/24-06:38:21.488926 7f5a32fe6700                  Options.max_manifest_file_size: 18446744073709551615
2018/09/24-06:38:21.488928 7f5a32fe6700                   Options.log_file_time_to_roll: 0
2018/09/24-06:38:21.488930 7f5a32fe6700                       Options.keep_log_file_num: 1000
2018/09/24-06:38:21.488933 7f5a32fe6700                    Options.recycle_log_file_num: 0
2018/09/24-06:38:21.488935 7f5a32fe6700                         Options.allow_fallocate: 1
2018/09/24-06:38:21.488937 7f5a32fe6700                        Options.allow_mmap_reads: 0
2018/09/24-06:38:21.488939 7f5a32fe6700                       Options.allow_mmap_writes: 0
2018/09/24-06:38:21.488941 7f5a32fe6700                        Options.use_direct_reads: 0
2018/09/24-06:38:21.488943 7f5a32fe6700                        Options.use_direct_io_for_flush_and_compaction: 0
2018/09/24-06:38:21.488945 7f5a32fe6700          Options.create_missing_column_families: 0
2018/09/24-06:38:21.488947 7f5a32fe6700                              Options.db_log_dir: 
2018/09/24-06:38:21.488949 7f5a32fe6700                                 Options.wal_dir: testDispose//tmp/rdbfactorytest335
2018/09/24-06:38:21.488951 7f5a32fe6700                Options.table_cache_numshardbits: 6
2018/09/24-06:38:21.488953 7f5a32fe6700                      Options.max_subcompactions: 1
2018/09/24-06:38:21.488955 7f5a32fe6700                  Options.max_background_flushes: -1
2018/09/24-06:38:21.488957 7f5a32fe6700                         Options.WAL_ttl_seconds: 0
2018/09/24-06:38:21.488959 7f5a32fe6700                       Options.WAL_size_limit_MB: 0
2018/09/24-06:38:21.488961 7f5a32fe6700             Options.manifest_preallocation_size: 4194304
2018/09/24-06:38:21.488964 7f5a32fe6700                     Options.is_fd_close_on_exec: 1
2018/09/24-06:38:21.488966 7f5a32fe6700                   Options.advise_random_on_open: 1
2018/09/24-06:38:21.488968 7f5a32fe6700                    Options.db_write_buffer_size: 0
2018/09/24-06:38:21.488970 7f5a32fe6700         Options.access_hint_on_compaction_start: 1
2018/09/24-06:38:21.488972 7f5a32fe6700  Options.new_table_reader_for_compaction_inputs: 0
2018/09/24-06:38:21.488974 7f5a32fe6700               Options.compaction_readahead_size: 0
2018/09/24-06:38:21.488976 7f5a32fe6700           Options.random_access_max_buffer_size: 1048576
2018/09/24-06:38:21.488978 7f5a32fe6700           Options.writable_file_max_buffer_size: 1048576
2018/09/24-06:38:21.488980 7f5a32fe6700                      Options.use_adaptive_mutex: 0
2018/09/24-06:38:21.488982 7f5a32fe6700                            Options.rate_limiter: (nil)
2018/09/24-06:38:21.488984 7f5a32fe6700     Options.sst_file_manager.rate_bytes_per_sec: 0
2018/09/24-06:38:21.488986 7f5a32fe6700                          Options.bytes_per_sync: 0
2018/09/24-06:38:21.488988 7f5a32fe6700                      Options.wal_bytes_per_sync: 0
2018/09/24-06:38:21.488990 7f5a32fe6700                       Options.wal_recovery_mode: 2
2018/09/24-06:38:21.489012 7f5a32fe6700                  Options.enable_thread_tracking: 0
2018/09/24-06:38:21.489015 7f5a32fe6700                  Options.enable_pipelined_write: 0
2018/09/24-06:38:21.489017 7f5a32fe6700         Options.allow_concurrent_memtable_write: 1
2018/09/24-06:38:21.489020 7f5a32fe6700      Options.enable_write_thread_adaptive_yield: 1
2018/09/24-06:38:21.489022 7f5a32fe6700             Options.write_thread_max_yield_usec: 100
2018/09/24-06:38:21.489024 7f5a32fe6700            Options.write_thread_slow_yield_usec: 3
2018/09/24-06:38:21.489026 7f5a32fe6700                               Options.row_cache: None
2018/09/24-06:38:21.489028 7f5a32fe6700                              Options.wal_filter: None
2018/09/24-06:38:21.489030 7f5a32fe6700             Options.avoid_flush_during_recovery: 0
2018/09/24-06:38:21.489032 7f5a32fe6700             Options.allow_ingest_behind: 0
2018/09/24-06:38:21.489034 7f5a32fe6700             Options.concurrent_prepare: 0
2018/09/24-06:38:21.489037 7f5a32fe6700             Options.manual_wal_flush: 0
2018/09/24-06:38:21.489039 7f5a32fe6700             Options.max_background_jobs: 2
2018/09/24-06:38:21.489041 7f5a32fe6700             Options.max_background_compactions: -1
2018/09/24-06:38:21.489043 7f5a32fe6700             Options.avoid_flush_during_shutdown: 0
2018/09/24-06:38:21.489045 7f5a32fe6700             Options.delayed_write_rate : 16777216
2018/09/24-06:38:21.489048 7f5a32fe6700             Options.max_total_wal_size: 0
2018/09/24-06:38:21.489050 7f5a32fe6700             Options.delete_obsolete_files_period_micros: 21600000000
2018/09/24-06:38:21.489052 7f5a32fe6700                   Options.stats_dump_period_sec: 600
2018/09/24-06:38:21.489054 7f5a32fe6700                          Options.max_open_files: -1
2018/09/24-06:38:21.489057 7f5a32fe6700 Compression algorithms supported:
2018/09/24-06:38:21.489059 7f5a32fe6700 	Snappy supported: 1
2018/09/24-06:38:21.489061 7f5a32fe6700 	Zlib supported: 1
2018/09/24-06:38:21.489063 7f5a32fe6700 	Bzip supported: 1
2018/09/24-06:38:21.489065 7f5a32fe6700 	LZ4 supported: 1
2018/09/24-06:38:21.489067 7f5a32fe6700 	ZSTD supported: 1
2018/09/24-06:38:21.489070 7f5a32fe6700 Fast CRC32 supported: 0
2018/09/24-06:38:21.489200 7f5a32fe6700 [db/db_impl_open.cc:216] Creating manifest 1 
2018/09/24-06:38:21.761547 7f5a32fe6700 [db/version_set.cc:2712] Recovering from manifest file: MANIFEST-000001
2018/09/24-06:38:21.761631 7f5a32fe6700 [db/column_family.cc:413] --------------- Options for column family [default]:
2018/09/24-06:38:21.761636 7f5a32fe6700               Options.comparator: leveldb.BytewiseComparator
2018/09/24-06:38:21.761638 7f5a32fe6700           Options.merge_operator: None
2018/09/24-06:38:21.761640 7f5a32fe6700        Options.compaction_filter: None
2018/09/24-06:38:21.761642 7f5a32fe6700        Options.compaction_filter_factory: None
2018/09/24-06:38:21.761644 7f5a32fe6700         Options.memtable_factory: SkipListFactory
2018/09/24-06:38:21.761646 7f5a32fe6700            Options.table_factory: BlockBasedTable
2018/09/24-06:38:21.761687 7f5a32fe6700            table_factory options:   flush_block_policy_factory: FlushBlockBySizePolicyFactory (0x7f5a2c8403b0)
  cache_index_and_filter_blocks: 0
  cache_index_and_filter_blocks_with_high_priority: 0
  pin_l0_filter_and_index_blocks_in_cache: 0
  index_type: 2
  hash_index_allow_collision: 1
  checksum: 1
  no_block_cache: 0
  block_cache: 0x7f5a2c849ef8
  block_cache_name: LRUCache
  block_cache_options:
    capacity : 104857600
    num_shard_bits : 6
    strict_capacity_limit : 0
    high_pri_pool_ratio: 0.000
  block_cache_compressed: (nil)
  persistent_cache: (nil)
  block_size: 262144
  block_size_deviation: 10
  block_restart_interval: 16
  index_block_restart_interval: 1
  filter_policy: rocksdb.BuiltinBloomFilter
  whole_key_filtering: 1
  format_version: 0
2018/09/24-06:38:21.761692 7f5a32fe6700        Options.write_buffer_size: 52428800
2018/09/24-06:38:21.761695 7f5a32fe6700  Options.max_write_buffer_number: 2
2018/09/24-06:38:21.761719 7f5a32fe6700          Options.compression: Snappy
2018/09/24-06:38:21.761722 7f5a32fe6700                  Options.bottommost_compression: Disabled
2018/09/24-06:38:21.761725 7f5a32fe6700       Options.prefix_extractor: rocksdb.FixedPrefix.4
2018/09/24-06:38:21.761727 7f5a32fe6700   Options.memtable_insert_with_hint_prefix_extractor: nullptr
2018/09/24-06:38:21.761729 7f5a32fe6700             Options.num_levels: 7
2018/09/24-06:38:21.761731 7f5a32fe6700        Options.min_write_buffer_number_to_merge: 1
2018/09/24-06:38:21.761733 7f5a32fe6700     Options.max_write_buffer_number_to_maintain: 0
2018/09/24-06:38:21.761735 7f5a32fe6700            Options.compression_opts.window_bits: -14
2018/09/24-06:38:21.761737 7f5a32fe6700                  Options.compression_opts.level: -1
2018/09/24-06:38:21.761738 7f5a32fe6700               Options.compression_opts.strategy: 0
2018/09/24-06:38:21.761740 7f5a32fe6700         Options.compression_opts.max_dict_bytes: 0
2018/09/24-06:38:21.761742 7f5a32fe6700      Options.level0_file_num_compaction_trigger: 4
2018/09/24-06:38:21.761744 7f5a32fe6700          Options.level0_slowdown_writes_trigger: 20
2018/09/24-06:38:21.761746 7f5a32fe6700              Options.level0_stop_writes_trigger: 36
2018/09/24-06:38:21.761748 7f5a32fe6700                   Options.target_file_size_base: 67108864
2018/09/24-06:38:21.761749 7f5a32fe6700             Options.target_file_size_multiplier: 1
2018/09/24-06:38:21.761751 7f5a32fe6700                Options.max_bytes_for_level_base: 268435456
2018/09/24-06:38:21.761753 7f5a32fe6700 Options.level_compaction_dynamic_level_bytes: 0
2018/09/24-06:38:21.761755 7f5a32fe6700          Options.max_bytes_for_level_multiplier: 10.000000
2018/09/24-06:38:21.761759 7f5a32fe6700 Options.max_bytes_for_level_multiplier_addtl[0]: 1
2018/09/24-06:38:21.761761 7f5a32fe6700 Options.max_bytes_for_level_multiplier_addtl[1]: 1
2018/09/24-06:38:21.761763 7f5a32fe6700 Options.max_bytes_for_level_multiplier_addtl[2]: 1
2018/09/24-06:38:21.761765 7f5a32fe6700 Options.max_bytes_for_level_multiplier_addtl[3]: 1
2018/09/24-06:38:21.761767 7f5a32fe6700 Options.max_bytes_for_level_multiplier_addtl[4]: 1
2018/09/24-06:38:21.761769 7f5a32fe6700 Options.max_bytes_for_level_multiplier_addtl[5]: 1
2018/09/24-06:38:21.761770 7f5a32fe6700 Options.max_bytes_for_level_multiplier_addtl[6]: 1
2018/09/24-06:38:21.761772 7f5a32fe6700       Options.max_sequential_skip_in_iterations: 8
2018/09/24-06:38:21.761774 7f5a32fe6700                    Options.max_compaction_bytes: 1677721600
2018/09/24-06:38:21.761776 7f5a32fe6700                        Options.arena_block_size: 6553600
2018/09/24-06:38:21.761778 7f5a32fe6700   Options.soft_pending_compaction_bytes_limit: 68719476736
2018/09/24-06:38:21.761780 7f5a32fe6700   Options.hard_pending_compaction_bytes_limit: 274877906944
2018/09/24-06:38:21.761782 7f5a32fe6700       Options.rate_limit_delay_max_milliseconds: 100
2018/09/24-06:38:21.761784 7f5a32fe6700                Options.disable_auto_compactions: 0
2018/09/24-06:38:21.761786 7f5a32fe6700                        Options.compaction_style: kCompactionStyleLevel
2018/09/24-06:38:21.761788 7f5a32fe6700                          Options.compaction_pri: kByCompensatedSize
2018/09/24-06:38:21.761790 7f5a32fe6700 Options.compaction_options_universal.size_ratio: 1
2018/09/24-06:38:21.761792 7f5a32fe6700 Options.compaction_options_universal.min_merge_width: 2
2018/09/24-06:38:21.761794 7f5a32fe6700 Options.compaction_options_universal.max_merge_width: 4294967295
2018/09/24-06:38:21.761796 7f5a32fe6700 Options.compaction_options_universal.max_size_amplification_percent: 200
2018/09/24-06:38:21.761798 7f5a32fe6700 Options.compaction_options_universal.compression_size_percent: -1
2018/09/24-06:38:21.761800 7f5a32fe6700 Options.compaction_options_universal.stop_style: kCompactionStopStyleTotalSize
2018/09/24-06:38:21.761802 7f5a32fe6700 Options.compaction_options_fifo.max_table_files_size: 1073741824
2018/09/24-06:38:21.761804 7f5a32fe6700 Options.compaction_options_fifo.allow_compaction: 0
2018/09/24-06:38:21.761824 7f5a32fe6700 Options.compaction_options_fifo.ttl: 0
2018/09/24-06:38:21.761827 7f5a32fe6700                   Options.table_properties_collectors: 
2018/09/24-06:38:21.761829 7f5a32fe6700                   Options.inplace_update_support: 0
2018/09/24-06:38:21.761831 7f5a32fe6700                 Options.inplace_update_num_locks: 10000
2018/09/24-06:38:21.761832 7f5a32fe6700               Options.memtable_prefix_bloom_size_ratio: 0.000000
2018/09/24-06:38:21.761835 7f5a32fe6700   Options.memtable_huge_page_size: 0
2018/09/24-06:38:21.761837 7f5a32fe6700                           Options.bloom_locality: 0
2018/09/24-06:38:21.761839 7f5a32fe6700                    Options.max_successive_merges: 0
2018/09/24-06:38:21.761841 7f5a32fe6700                Options.optimize_filters_for_hits: 0
2018/09/24-06:38:21.761842 7f5a32fe6700                Options.paranoid_file_checks: 0
2018/09/24-06:38:21.761844 7f5a32fe6700                Options.force_consistency_checks: 0
2018/09/24-06:38:21.761846 7f5a32fe6700                Options.report_bg_io_stats: 0
2018/09/24-06:38:21.762839 7f5a32fe6700 [db/version_set.cc:2969] Recovered from manifest file:testDispose//tmp/rdbfactorytest335/MANIFEST-000001 succeeded,manifest_file_number is 1, next_file_number is 3, last_sequence is 0, log_number is 0,prev_log_number is 0,max_column_family is 0
2018/09/24-06:38:21.762846 7f5a32fe6700 [db/version_set.cc:2977] Column family [default] (ID 0), log number is 0
2018/09/24-06:38:21.962994 7f5a32fe6700 [db/db_impl_open.cc:1111] DB pointer 0x7f5a2e686a70
2018/09/24-06:38:54.932729 7f59da2f9700 [db/db_impl.cc:222] Shutdown: canceling all background work
2018/09/24-06:38:54.932849 7f59da2f9700 [db/db_impl.cc:348] Shutdown complete
