2018/09/24-06:38:30.471629 7f5a32fe6700 RocksDB version: 5.7.3
2018/09/24-06:38:30.471674 7f5a32fe6700 Git sha rocksdb_build_git_sha:
2018/09/24-06:38:30.471678 7f5a32fe6700 Compile date Sep  1 2017
2018/09/24-06:38:30.471681 7f5a32fe6700 DB SUMMARY
2018/09/24-06:38:30.471735 7f5a32fe6700 SST files in testDispose//tmp/rdbfactorytest355 dir, Total Num: 0, files: 
2018/09/24-06:38:30.471740 7f5a32fe6700 Write Ahead Log file in testDispose//tmp/rdbfactorytest355: 
2018/09/24-06:38:30.471744 7f5a32fe6700                         Options.error_if_exists: 0
2018/09/24-06:38:30.471746 7f5a32fe6700                       Options.create_if_missing: 1
2018/09/24-06:38:30.471748 7f5a32fe6700                         Options.paranoid_checks: 1
2018/09/24-06:38:30.471750 7f5a32fe6700                                     Options.env: 0x7f59daf89880
2018/09/24-06:38:30.471753 7f5a32fe6700                                Options.info_log: 0x7f5a2e924e40
2018/09/24-06:38:30.471755 7f5a32fe6700                Options.max_file_opening_threads: 16
2018/09/24-06:38:30.471757 7f5a32fe6700                               Options.use_fsync: 0
2018/09/24-06:38:30.471759 7f5a32fe6700                       Options.max_log_file_size: 0
2018/09/24-06:38:30.471761 7f5a32fe6700                  Options.max_manifest_file_size: 18446744073709551615
2018/09/24-06:38:30.471764 7f5a32fe6700                   Options.log_file_time_to_roll: 0
2018/09/24-06:38:30.471766 7f5a32fe6700                       Options.keep_log_file_num: 1000
2018/09/24-06:38:30.471768 7f5a32fe6700                    Options.recycle_log_file_num: 0
2018/09/24-06:38:30.471770 7f5a32fe6700                         Options.allow_fallocate: 1
2018/09/24-06:38:30.471772 7f5a32fe6700                        Options.allow_mmap_reads: 0
2018/09/24-06:38:30.471774 7f5a32fe6700                       Options.allow_mmap_writes: 0
2018/09/24-06:38:30.471776 7f5a32fe6700                        Options.use_direct_reads: 0
2018/09/24-06:38:30.471778 7f5a32fe6700                        Options.use_direct_io_for_flush_and_compaction: 0
2018/09/24-06:38:30.471780 7f5a32fe6700          Options.create_missing_column_families: 0
2018/09/24-06:38:30.471783 7f5a32fe6700                              Options.db_log_dir: 
2018/09/24-06:38:30.471785 7f5a32fe6700                                 Options.wal_dir: testDispose//tmp/rdbfactorytest355
2018/09/24-06:38:30.471787 7f5a32fe6700                Options.table_cache_numshardbits: 6
2018/09/24-06:38:30.471789 7f5a32fe6700                      Options.max_subcompactions: 1
2018/09/24-06:38:30.471791 7f5a32fe6700                  Options.max_background_flushes: -1
2018/09/24-06:38:30.471793 7f5a32fe6700                         Options.WAL_ttl_seconds: 0
2018/09/24-06:38:30.471795 7f5a32fe6700                       Options.WAL_size_limit_MB: 0
2018/09/24-06:38:30.471797 7f5a32fe6700             Options.manifest_preallocation_size: 4194304
2018/09/24-06:38:30.471799 7f5a32fe6700                     Options.is_fd_close_on_exec: 1
2018/09/24-06:38:30.471801 7f5a32fe6700                   Options.advise_random_on_open: 1
2018/09/24-06:38:30.471803 7f5a32fe6700                    Options.db_write_buffer_size: 0
2018/09/24-06:38:30.471805 7f5a32fe6700         Options.access_hint_on_compaction_start: 1
2018/09/24-06:38:30.471807 7f5a32fe6700  Options.new_table_reader_for_compaction_inputs: 0
2018/09/24-06:38:30.471809 7f5a32fe6700               Options.compaction_readahead_size: 0
2018/09/24-06:38:30.471811 7f5a32fe6700           Options.random_access_max_buffer_size: 1048576
2018/09/24-06:38:30.471814 7f5a32fe6700           Options.writable_file_max_buffer_size: 1048576
2018/09/24-06:38:30.471816 7f5a32fe6700                      Options.use_adaptive_mutex: 0
2018/09/24-06:38:30.471818 7f5a32fe6700                            Options.rate_limiter: (nil)
2018/09/24-06:38:30.471820 7f5a32fe6700     Options.sst_file_manager.rate_bytes_per_sec: 0
2018/09/24-06:38:30.471822 7f5a32fe6700                          Options.bytes_per_sync: 0
2018/09/24-06:38:30.471824 7f5a32fe6700                      Options.wal_bytes_per_sync: 0
2018/09/24-06:38:30.471826 7f5a32fe6700                       Options.wal_recovery_mode: 2
2018/09/24-06:38:30.471847 7f5a32fe6700                  Options.enable_thread_tracking: 0
2018/09/24-06:38:30.471851 7f5a32fe6700                  Options.enable_pipelined_write: 0
2018/09/24-06:38:30.471853 7f5a32fe6700         Options.allow_concurrent_memtable_write: 1
2018/09/24-06:38:30.471855 7f5a32fe6700      Options.enable_write_thread_adaptive_yield: 1
2018/09/24-06:38:30.471857 7f5a32fe6700             Options.write_thread_max_yield_usec: 100
2018/09/24-06:38:30.471859 7f5a32fe6700            Options.write_thread_slow_yield_usec: 3
2018/09/24-06:38:30.471861 7f5a32fe6700                               Options.row_cache: None
2018/09/24-06:38:30.471863 7f5a32fe6700                              Options.wal_filter: None
2018/09/24-06:38:30.471865 7f5a32fe6700             Options.avoid_flush_during_recovery: 0
2018/09/24-06:38:30.471867 7f5a32fe6700             Options.allow_ingest_behind: 0
2018/09/24-06:38:30.471869 7f5a32fe6700             Options.concurrent_prepare: 0
2018/09/24-06:38:30.471872 7f5a32fe6700             Options.manual_wal_flush: 0
2018/09/24-06:38:30.471874 7f5a32fe6700             Options.max_background_jobs: 2
2018/09/24-06:38:30.471876 7f5a32fe6700             Options.max_background_compactions: -1
2018/09/24-06:38:30.471878 7f5a32fe6700             Options.avoid_flush_during_shutdown: 0
2018/09/24-06:38:30.471880 7f5a32fe6700             Options.delayed_write_rate : 16777216
2018/09/24-06:38:30.471883 7f5a32fe6700             Options.max_total_wal_size: 0
2018/09/24-06:38:30.471885 7f5a32fe6700             Options.delete_obsolete_files_period_micros: 21600000000
2018/09/24-06:38:30.471887 7f5a32fe6700                   Options.stats_dump_period_sec: 600
2018/09/24-06:38:30.471889 7f5a32fe6700                          Options.max_open_files: -1
2018/09/24-06:38:30.471892 7f5a32fe6700 Compression algorithms supported:
2018/09/24-06:38:30.471894 7f5a32fe6700 	Snappy supported: 1
2018/09/24-06:38:30.471896 7f5a32fe6700 	Zlib supported: 1
2018/09/24-06:38:30.471898 7f5a32fe6700 	Bzip supported: 1
2018/09/24-06:38:30.471900 7f5a32fe6700 	LZ4 supported: 1
2018/09/24-06:38:30.471902 7f5a32fe6700 	ZSTD supported: 1
2018/09/24-06:38:30.471905 7f5a32fe6700 Fast CRC32 supported: 0
2018/09/24-06:38:30.472033 7f5a32fe6700 [db/db_impl_open.cc:216] Creating manifest 1 
2018/09/24-06:38:30.695526 7f5a32fe6700 [db/version_set.cc:2712] Recovering from manifest file: MANIFEST-000001
2018/09/24-06:38:30.695608 7f5a32fe6700 [db/column_family.cc:413] --------------- Options for column family [default]:
2018/09/24-06:38:30.695613 7f5a32fe6700               Options.comparator: leveldb.BytewiseComparator
2018/09/24-06:38:30.695616 7f5a32fe6700           Options.merge_operator: None
2018/09/24-06:38:30.695617 7f5a32fe6700        Options.compaction_filter: None
2018/09/24-06:38:30.695619 7f5a32fe6700        Options.compaction_filter_factory: None
2018/09/24-06:38:30.695621 7f5a32fe6700         Options.memtable_factory: SkipListFactory
2018/09/24-06:38:30.695623 7f5a32fe6700            Options.table_factory: BlockBasedTable
2018/09/24-06:38:30.695666 7f5a32fe6700            table_factory options:   flush_block_policy_factory: FlushBlockBySizePolicyFactory (0x7f5a2c8403b0)
  cache_index_and_filter_blocks: 0
  cache_index_and_filter_blocks_with_high_priority: 0
  pin_l0_filter_and_index_blocks_in_cache: 0
  index_type: 2
  hash_index_allow_collision: 1
  checksum: 1
  no_block_cache: 0
  block_cache: 0x7f5a2c849ef8
  block_cache_name: LRUCache
  block_cache_options:
    capacity : 104857600
    num_shard_bits : 6
    strict_capacity_limit : 0
    high_pri_pool_ratio: 0.000
  block_cache_compressed: (nil)
  persistent_cache: (nil)
  block_size: 262144
  block_size_deviation: 10
  block_restart_interval: 16
  index_block_restart_interval: 1
  filter_policy: rocksdb.BuiltinBloomFilter
  whole_key_filtering: 1
  format_version: 0
2018/09/24-06:38:30.695671 7f5a32fe6700        Options.write_buffer_size: 52428800
2018/09/24-06:38:30.695673 7f5a32fe6700  Options.max_write_buffer_number: 2
2018/09/24-06:38:30.695705 7f5a32fe6700          Options.compression: Snappy
2018/09/24-06:38:30.695708 7f5a32fe6700                  Options.bottommost_compression: Disabled
2018/09/24-06:38:30.695711 7f5a32fe6700       Options.prefix_extractor: rocksdb.FixedPrefix.4
2018/09/24-06:38:30.695712 7f5a32fe6700   Options.memtable_insert_with_hint_prefix_extractor: nullptr
2018/09/24-06:38:30.695714 7f5a32fe6700             Options.num_levels: 7
2018/09/24-06:38:30.695716 7f5a32fe6700        Options.min_write_buffer_number_to_merge: 1
2018/09/24-06:38:30.695718 7f5a32fe6700     Options.max_write_buffer_number_to_maintain: 0
2018/09/24-06:38:30.695719 7f5a32fe6700            Options.compression_opts.window_bits: -14
2018/09/24-06:38:30.695721 7f5a32fe6700                  Options.compression_opts.level: -1
2018/09/24-06:38:30.695723 7f5a32fe6700               Options.compression_opts.strategy: 0
2018/09/24-06:38:30.695725 7f5a32fe6700         Options.compression_opts.max_dict_bytes: 0
2018/09/24-06:38:30.695726 7f5a32fe6700      Options.level0_file_num_compaction_trigger: 4
2018/09/24-06:38:30.695728 7f5a32fe6700          Options.level0_slowdown_writes_trigger: 20
2018/09/24-06:38:30.695730 7f5a32fe6700              Options.level0_stop_writes_trigger: 36
2018/09/24-06:38:30.695732 7f5a32fe6700                   Options.target_file_size_base: 67108864
2018/09/24-06:38:30.695733 7f5a32fe6700             Options.target_file_size_multiplier: 1
2018/09/24-06:38:30.695735 7f5a32fe6700                Options.max_bytes_for_level_base: 268435456
2018/09/24-06:38:30.695737 7f5a32fe6700 Options.level_compaction_dynamic_level_bytes: 0
2018/09/24-06:38:30.695739 7f5a32fe6700          Options.max_bytes_for_level_multiplier: 10.000000
2018/09/24-06:38:30.695743 7f5a32fe6700 Options.max_bytes_for_level_multiplier_addtl[0]: 1
2018/09/24-06:38:30.695745 7f5a32fe6700 Options.max_bytes_for_level_multiplier_addtl[1]: 1
2018/09/24-06:38:30.695747 7f5a32fe6700 Options.max_bytes_for_level_multiplier_addtl[2]: 1
2018/09/24-06:38:30.695748 7f5a32fe6700 Options.max_bytes_for_level_multiplier_addtl[3]: 1
2018/09/24-06:38:30.695750 7f5a32fe6700 Options.max_bytes_for_level_multiplier_addtl[4]: 1
2018/09/24-06:38:30.695752 7f5a32fe6700 Options.max_bytes_for_level_multiplier_addtl[5]: 1
2018/09/24-06:38:30.695754 7f5a32fe6700 Options.max_bytes_for_level_multiplier_addtl[6]: 1
2018/09/24-06:38:30.695755 7f5a32fe6700       Options.max_sequential_skip_in_iterations: 8
2018/09/24-06:38:30.695757 7f5a32fe6700                    Options.max_compaction_bytes: 1677721600
2018/09/24-06:38:30.695759 7f5a32fe6700                        Options.arena_block_size: 6553600
2018/09/24-06:38:30.695761 7f5a32fe6700   Options.soft_pending_compaction_bytes_limit: 68719476736
2018/09/24-06:38:30.695763 7f5a32fe6700   Options.hard_pending_compaction_bytes_limit: 274877906944
2018/09/24-06:38:30.695764 7f5a32fe6700       Options.rate_limit_delay_max_milliseconds: 100
2018/09/24-06:38:30.695766 7f5a32fe6700                Options.disable_auto_compactions: 0
2018/09/24-06:38:30.695768 7f5a32fe6700                        Options.compaction_style: kCompactionStyleLevel
2018/09/24-06:38:30.695770 7f5a32fe6700                          Options.compaction_pri: kByCompensatedSize
2018/09/24-06:38:30.695772 7f5a32fe6700 Options.compaction_options_universal.size_ratio: 1
2018/09/24-06:38:30.695774 7f5a32fe6700 Options.compaction_options_universal.min_merge_width: 2
2018/09/24-06:38:30.695775 7f5a32fe6700 Options.compaction_options_universal.max_merge_width: 4294967295
2018/09/24-06:38:30.695777 7f5a32fe6700 Options.compaction_options_universal.max_size_amplification_percent: 200
2018/09/24-06:38:30.695779 7f5a32fe6700 Options.compaction_options_universal.compression_size_percent: -1
2018/09/24-06:38:30.695781 7f5a32fe6700 Options.compaction_options_universal.stop_style: kCompactionStopStyleTotalSize
2018/09/24-06:38:30.695783 7f5a32fe6700 Options.compaction_options_fifo.max_table_files_size: 1073741824
2018/09/24-06:38:30.695785 7f5a32fe6700 Options.compaction_options_fifo.allow_compaction: 0
2018/09/24-06:38:30.695801 7f5a32fe6700 Options.compaction_options_fifo.ttl: 0
2018/09/24-06:38:30.695803 7f5a32fe6700                   Options.table_properties_collectors: 
2018/09/24-06:38:30.695805 7f5a32fe6700                   Options.inplace_update_support: 0
2018/09/24-06:38:30.695807 7f5a32fe6700                 Options.inplace_update_num_locks: 10000
2018/09/24-06:38:30.695809 7f5a32fe6700               Options.memtable_prefix_bloom_size_ratio: 0.000000
2018/09/24-06:38:30.695811 7f5a32fe6700   Options.memtable_huge_page_size: 0
2018/09/24-06:38:30.695813 7f5a32fe6700                           Options.bloom_locality: 0
2018/09/24-06:38:30.695815 7f5a32fe6700                    Options.max_successive_merges: 0
2018/09/24-06:38:30.695816 7f5a32fe6700                Options.optimize_filters_for_hits: 0
2018/09/24-06:38:30.695818 7f5a32fe6700                Options.paranoid_file_checks: 0
2018/09/24-06:38:30.695820 7f5a32fe6700                Options.force_consistency_checks: 0
2018/09/24-06:38:30.695821 7f5a32fe6700                Options.report_bg_io_stats: 0
2018/09/24-06:38:30.696883 7f5a32fe6700 [db/version_set.cc:2969] Recovered from manifest file:testDispose//tmp/rdbfactorytest355/MANIFEST-000001 succeeded,manifest_file_number is 1, next_file_number is 3, last_sequence is 0, log_number is 0,prev_log_number is 0,max_column_family is 0
2018/09/24-06:38:30.696896 7f5a32fe6700 [db/version_set.cc:2977] Column family [default] (ID 0), log number is 0
2018/09/24-06:38:30.879438 7f5a32fe6700 [db/db_impl_open.cc:1111] DB pointer 0x7f5a2e924090
2018/09/24-06:38:54.943158 7f59da2f9700 [db/db_impl.cc:222] Shutdown: canceling all background work
2018/09/24-06:38:54.943289 7f59da2f9700 [db/db_impl.cc:348] Shutdown complete
