2018/09/24-08:41:19.145428 7f6520ea5700 RocksDB version: 5.7.3
2018/09/24-08:41:19.145461 7f6520ea5700 Git sha rocksdb_build_git_sha:
2018/09/24-08:41:19.145464 7f6520ea5700 Compile date Sep  1 2017
2018/09/24-08:41:19.145465 7f6520ea5700 DB SUMMARY
2018/09/24-08:41:19.145501 7f6520ea5700 SST files in testDispose//tmp/rdbfactorytest55 dir, Total Num: 0, files: 
2018/09/24-08:41:19.145505 7f6520ea5700 Write Ahead Log file in testDispose//tmp/rdbfactorytest55: 
2018/09/24-08:41:19.145507 7f6520ea5700                         Options.error_if_exists: 0
2018/09/24-08:41:19.145508 7f6520ea5700                       Options.create_if_missing: 1
2018/09/24-08:41:19.145509 7f6520ea5700                         Options.paranoid_checks: 1
2018/09/24-08:41:19.145510 7f6520ea5700                                     Options.env: 0x7f64eca48880
2018/09/24-08:41:19.145511 7f6520ea5700                                Options.info_log: 0x7f6518eef6b0
2018/09/24-08:41:19.145513 7f6520ea5700                Options.max_file_opening_threads: 16
2018/09/24-08:41:19.145514 7f6520ea5700                               Options.use_fsync: 0
2018/09/24-08:41:19.145515 7f6520ea5700                       Options.max_log_file_size: 0
2018/09/24-08:41:19.145516 7f6520ea5700                  Options.max_manifest_file_size: 18446744073709551615
2018/09/24-08:41:19.145517 7f6520ea5700                   Options.log_file_time_to_roll: 0
2018/09/24-08:41:19.145518 7f6520ea5700                       Options.keep_log_file_num: 1000
2018/09/24-08:41:19.145519 7f6520ea5700                    Options.recycle_log_file_num: 0
2018/09/24-08:41:19.145520 7f6520ea5700                         Options.allow_fallocate: 1
2018/09/24-08:41:19.145521 7f6520ea5700                        Options.allow_mmap_reads: 0
2018/09/24-08:41:19.145522 7f6520ea5700                       Options.allow_mmap_writes: 0
2018/09/24-08:41:19.145524 7f6520ea5700                        Options.use_direct_reads: 0
2018/09/24-08:41:19.145525 7f6520ea5700                        Options.use_direct_io_for_flush_and_compaction: 0
2018/09/24-08:41:19.145526 7f6520ea5700          Options.create_missing_column_families: 0
2018/09/24-08:41:19.145527 7f6520ea5700                              Options.db_log_dir: 
2018/09/24-08:41:19.145528 7f6520ea5700                                 Options.wal_dir: testDispose//tmp/rdbfactorytest55
2018/09/24-08:41:19.145529 7f6520ea5700                Options.table_cache_numshardbits: 6
2018/09/24-08:41:19.145530 7f6520ea5700                      Options.max_subcompactions: 1
2018/09/24-08:41:19.145531 7f6520ea5700                  Options.max_background_flushes: -1
2018/09/24-08:41:19.145532 7f6520ea5700                         Options.WAL_ttl_seconds: 0
2018/09/24-08:41:19.145533 7f6520ea5700                       Options.WAL_size_limit_MB: 0
2018/09/24-08:41:19.145534 7f6520ea5700             Options.manifest_preallocation_size: 4194304
2018/09/24-08:41:19.145535 7f6520ea5700                     Options.is_fd_close_on_exec: 1
2018/09/24-08:41:19.145536 7f6520ea5700                   Options.advise_random_on_open: 1
2018/09/24-08:41:19.145537 7f6520ea5700                    Options.db_write_buffer_size: 0
2018/09/24-08:41:19.145538 7f6520ea5700         Options.access_hint_on_compaction_start: 1
2018/09/24-08:41:19.145539 7f6520ea5700  Options.new_table_reader_for_compaction_inputs: 0
2018/09/24-08:41:19.145540 7f6520ea5700               Options.compaction_readahead_size: 0
2018/09/24-08:41:19.145541 7f6520ea5700           Options.random_access_max_buffer_size: 1048576
2018/09/24-08:41:19.145542 7f6520ea5700           Options.writable_file_max_buffer_size: 1048576
2018/09/24-08:41:19.145543 7f6520ea5700                      Options.use_adaptive_mutex: 0
2018/09/24-08:41:19.145544 7f6520ea5700                            Options.rate_limiter: (nil)
2018/09/24-08:41:19.145546 7f6520ea5700     Options.sst_file_manager.rate_bytes_per_sec: 0
2018/09/24-08:41:19.145547 7f6520ea5700                          Options.bytes_per_sync: 0
2018/09/24-08:41:19.145548 7f6520ea5700                      Options.wal_bytes_per_sync: 0
2018/09/24-08:41:19.145549 7f6520ea5700                       Options.wal_recovery_mode: 2
2018/09/24-08:41:19.145563 7f6520ea5700                  Options.enable_thread_tracking: 0
2018/09/24-08:41:19.145565 7f6520ea5700                  Options.enable_pipelined_write: 0
2018/09/24-08:41:19.145566 7f6520ea5700         Options.allow_concurrent_memtable_write: 1
2018/09/24-08:41:19.145567 7f6520ea5700      Options.enable_write_thread_adaptive_yield: 1
2018/09/24-08:41:19.145568 7f6520ea5700             Options.write_thread_max_yield_usec: 100
2018/09/24-08:41:19.145569 7f6520ea5700            Options.write_thread_slow_yield_usec: 3
2018/09/24-08:41:19.145570 7f6520ea5700                               Options.row_cache: None
2018/09/24-08:41:19.145571 7f6520ea5700                              Options.wal_filter: None
2018/09/24-08:41:19.145572 7f6520ea5700             Options.avoid_flush_during_recovery: 0
2018/09/24-08:41:19.145573 7f6520ea5700             Options.allow_ingest_behind: 0
2018/09/24-08:41:19.145574 7f6520ea5700             Options.concurrent_prepare: 0
2018/09/24-08:41:19.145575 7f6520ea5700             Options.manual_wal_flush: 0
2018/09/24-08:41:19.145576 7f6520ea5700             Options.max_background_jobs: 2
2018/09/24-08:41:19.145577 7f6520ea5700             Options.max_background_compactions: -1
2018/09/24-08:41:19.145579 7f6520ea5700             Options.avoid_flush_during_shutdown: 0
2018/09/24-08:41:19.145580 7f6520ea5700             Options.delayed_write_rate : 16777216
2018/09/24-08:41:19.145581 7f6520ea5700             Options.max_total_wal_size: 0
2018/09/24-08:41:19.145582 7f6520ea5700             Options.delete_obsolete_files_period_micros: 21600000000
2018/09/24-08:41:19.145583 7f6520ea5700                   Options.stats_dump_period_sec: 600
2018/09/24-08:41:19.145584 7f6520ea5700                          Options.max_open_files: -1
2018/09/24-08:41:19.145586 7f6520ea5700 Compression algorithms supported:
2018/09/24-08:41:19.145587 7f6520ea5700 	Snappy supported: 1
2018/09/24-08:41:19.145588 7f6520ea5700 	Zlib supported: 1
2018/09/24-08:41:19.145589 7f6520ea5700 	Bzip supported: 1
2018/09/24-08:41:19.145590 7f6520ea5700 	LZ4 supported: 1
2018/09/24-08:41:19.145591 7f6520ea5700 	ZSTD supported: 1
2018/09/24-08:41:19.145592 7f6520ea5700 Fast CRC32 supported: 0
2018/09/24-08:41:19.145674 7f6520ea5700 [db/db_impl_open.cc:216] Creating manifest 1 
2018/09/24-08:41:19.377888 7f6520ea5700 [db/version_set.cc:2712] Recovering from manifest file: MANIFEST-000001
2018/09/24-08:41:19.377973 7f6520ea5700 [db/column_family.cc:413] --------------- Options for column family [default]:
2018/09/24-08:41:19.377977 7f6520ea5700               Options.comparator: leveldb.BytewiseComparator
2018/09/24-08:41:19.377980 7f6520ea5700           Options.merge_operator: None
2018/09/24-08:41:19.377982 7f6520ea5700        Options.compaction_filter: None
2018/09/24-08:41:19.377983 7f6520ea5700        Options.compaction_filter_factory: None
2018/09/24-08:41:19.377985 7f6520ea5700         Options.memtable_factory: SkipListFactory
2018/09/24-08:41:19.377988 7f6520ea5700            Options.table_factory: BlockBasedTable
2018/09/24-08:41:19.378029 7f6520ea5700            table_factory options:   flush_block_policy_factory: FlushBlockBySizePolicyFactory (0x7f651885eec0)
  cache_index_and_filter_blocks: 0
  cache_index_and_filter_blocks_with_high_priority: 0
  pin_l0_filter_and_index_blocks_in_cache: 0
  index_type: 2
  hash_index_allow_collision: 1
  checksum: 1
  no_block_cache: 0
  block_cache: 0x7f651885c9b8
  block_cache_name: LRUCache
  block_cache_options:
    capacity : 104857600
    num_shard_bits : 6
    strict_capacity_limit : 0
    high_pri_pool_ratio: 0.000
  block_cache_compressed: (nil)
  persistent_cache: (nil)
  block_size: 262144
  block_size_deviation: 10
  block_restart_interval: 16
  index_block_restart_interval: 1
  filter_policy: rocksdb.BuiltinBloomFilter
  whole_key_filtering: 1
  format_version: 0
2018/09/24-08:41:19.378034 7f6520ea5700        Options.write_buffer_size: 52428800
2018/09/24-08:41:19.378036 7f6520ea5700  Options.max_write_buffer_number: 2
2018/09/24-08:41:19.378058 7f6520ea5700          Options.compression: Snappy
2018/09/24-08:41:19.378062 7f6520ea5700                  Options.bottommost_compression: Disabled
2018/09/24-08:41:19.378064 7f6520ea5700       Options.prefix_extractor: rocksdb.FixedPrefix.4
2018/09/24-08:41:19.378066 7f6520ea5700   Options.memtable_insert_with_hint_prefix_extractor: nullptr
2018/09/24-08:41:19.378068 7f6520ea5700             Options.num_levels: 7
2018/09/24-08:41:19.378069 7f6520ea5700        Options.min_write_buffer_number_to_merge: 1
2018/09/24-08:41:19.378071 7f6520ea5700     Options.max_write_buffer_number_to_maintain: 0
2018/09/24-08:41:19.378073 7f6520ea5700            Options.compression_opts.window_bits: -14
2018/09/24-08:41:19.378075 7f6520ea5700                  Options.compression_opts.level: -1
2018/09/24-08:41:19.378077 7f6520ea5700               Options.compression_opts.strategy: 0
2018/09/24-08:41:19.378079 7f6520ea5700         Options.compression_opts.max_dict_bytes: 0
2018/09/24-08:41:19.378080 7f6520ea5700      Options.level0_file_num_compaction_trigger: 4
2018/09/24-08:41:19.378082 7f6520ea5700          Options.level0_slowdown_writes_trigger: 20
2018/09/24-08:41:19.378084 7f6520ea5700              Options.level0_stop_writes_trigger: 36
2018/09/24-08:41:19.378085 7f6520ea5700                   Options.target_file_size_base: 67108864
2018/09/24-08:41:19.378087 7f6520ea5700             Options.target_file_size_multiplier: 1
2018/09/24-08:41:19.378089 7f6520ea5700                Options.max_bytes_for_level_base: 268435456
2018/09/24-08:41:19.378091 7f6520ea5700 Options.level_compaction_dynamic_level_bytes: 0
2018/09/24-08:41:19.378093 7f6520ea5700          Options.max_bytes_for_level_multiplier: 10.000000
2018/09/24-08:41:19.378097 7f6520ea5700 Options.max_bytes_for_level_multiplier_addtl[0]: 1
2018/09/24-08:41:19.378099 7f6520ea5700 Options.max_bytes_for_level_multiplier_addtl[1]: 1
2018/09/24-08:41:19.378101 7f6520ea5700 Options.max_bytes_for_level_multiplier_addtl[2]: 1
2018/09/24-08:41:19.378103 7f6520ea5700 Options.max_bytes_for_level_multiplier_addtl[3]: 1
2018/09/24-08:41:19.378105 7f6520ea5700 Options.max_bytes_for_level_multiplier_addtl[4]: 1
2018/09/24-08:41:19.378107 7f6520ea5700 Options.max_bytes_for_level_multiplier_addtl[5]: 1
2018/09/24-08:41:19.378109 7f6520ea5700 Options.max_bytes_for_level_multiplier_addtl[6]: 1
2018/09/24-08:41:19.378111 7f6520ea5700       Options.max_sequential_skip_in_iterations: 8
2018/09/24-08:41:19.378112 7f6520ea5700                    Options.max_compaction_bytes: 1677721600
2018/09/24-08:41:19.378114 7f6520ea5700                        Options.arena_block_size: 6553600
2018/09/24-08:41:19.378116 7f6520ea5700   Options.soft_pending_compaction_bytes_limit: 68719476736
2018/09/24-08:41:19.378118 7f6520ea5700   Options.hard_pending_compaction_bytes_limit: 274877906944
2018/09/24-08:41:19.378120 7f6520ea5700       Options.rate_limit_delay_max_milliseconds: 100
2018/09/24-08:41:19.378122 7f6520ea5700                Options.disable_auto_compactions: 0
2018/09/24-08:41:19.378124 7f6520ea5700                        Options.compaction_style: kCompactionStyleLevel
2018/09/24-08:41:19.378127 7f6520ea5700                          Options.compaction_pri: kByCompensatedSize
2018/09/24-08:41:19.378129 7f6520ea5700 Options.compaction_options_universal.size_ratio: 1
2018/09/24-08:41:19.378131 7f6520ea5700 Options.compaction_options_universal.min_merge_width: 2
2018/09/24-08:41:19.378133 7f6520ea5700 Options.compaction_options_universal.max_merge_width: 4294967295
2018/09/24-08:41:19.378134 7f6520ea5700 Options.compaction_options_universal.max_size_amplification_percent: 200
2018/09/24-08:41:19.378136 7f6520ea5700 Options.compaction_options_universal.compression_size_percent: -1
2018/09/24-08:41:19.378139 7f6520ea5700 Options.compaction_options_universal.stop_style: kCompactionStopStyleTotalSize
2018/09/24-08:41:19.378141 7f6520ea5700 Options.compaction_options_fifo.max_table_files_size: 1073741824
2018/09/24-08:41:19.378143 7f6520ea5700 Options.compaction_options_fifo.allow_compaction: 0
2018/09/24-08:41:19.378159 7f6520ea5700 Options.compaction_options_fifo.ttl: 0
2018/09/24-08:41:19.378162 7f6520ea5700                   Options.table_properties_collectors: 
2018/09/24-08:41:19.378164 7f6520ea5700                   Options.inplace_update_support: 0
2018/09/24-08:41:19.378166 7f6520ea5700                 Options.inplace_update_num_locks: 10000
2018/09/24-08:41:19.378168 7f6520ea5700               Options.memtable_prefix_bloom_size_ratio: 0.000000
2018/09/24-08:41:19.378171 7f6520ea5700   Options.memtable_huge_page_size: 0
2018/09/24-08:41:19.378173 7f6520ea5700                           Options.bloom_locality: 0
2018/09/24-08:41:19.378175 7f6520ea5700                    Options.max_successive_merges: 0
2018/09/24-08:41:19.378177 7f6520ea5700                Options.optimize_filters_for_hits: 0
2018/09/24-08:41:19.378178 7f6520ea5700                Options.paranoid_file_checks: 0
2018/09/24-08:41:19.378180 7f6520ea5700                Options.force_consistency_checks: 0
2018/09/24-08:41:19.378182 7f6520ea5700                Options.report_bg_io_stats: 0
2018/09/24-08:41:19.379169 7f6520ea5700 [db/version_set.cc:2969] Recovered from manifest file:testDispose//tmp/rdbfactorytest55/MANIFEST-000001 succeeded,manifest_file_number is 1, next_file_number is 3, last_sequence is 0, log_number is 0,prev_log_number is 0,max_column_family is 0
2018/09/24-08:41:19.379175 7f6520ea5700 [db/version_set.cc:2977] Column family [default] (ID 0), log number is 0
2018/09/24-08:41:19.545181 7f6520ea5700 [db/db_impl_open.cc:1111] DB pointer 0x7f6518eee900
2018/09/24-08:42:16.059276 7f6520ea5700 [db/db_impl.cc:222] Shutdown: canceling all background work
2018/09/24-08:42:16.059455 7f6520ea5700 [db/db_impl.cc:348] Shutdown complete
