2018/09/11-10:45:32.611413 7fcf02fb6700 RocksDB version: 5.7.3
2018/09/11-10:45:32.611450 7fcf02fb6700 Git sha rocksdb_build_git_sha:
2018/09/11-10:45:32.611455 7fcf02fb6700 Compile date Sep  1 2017
2018/09/11-10:45:32.611458 7fcf02fb6700 DB SUMMARY
2018/09/11-10:45:32.611512 7fcf02fb6700 SST files in testDispose//tmp/rdbfactorytest115 dir, Total Num: 0, files: 
2018/09/11-10:45:32.611518 7fcf02fb6700 Write Ahead Log file in testDispose//tmp/rdbfactorytest115: 
2018/09/11-10:45:32.611522 7fcf02fb6700                         Options.error_if_exists: 0
2018/09/11-10:45:32.611525 7fcf02fb6700                       Options.create_if_missing: 1
2018/09/11-10:45:32.611527 7fcf02fb6700                         Options.paranoid_checks: 1
2018/09/11-10:45:32.611530 7fcf02fb6700                                     Options.env: 0x7fceceb59880
2018/09/11-10:45:32.611532 7fcf02fb6700                                Options.info_log: 0x7fcefd6b6f10
2018/09/11-10:45:32.611535 7fcf02fb6700                Options.max_file_opening_threads: 16
2018/09/11-10:45:32.611537 7fcf02fb6700                               Options.use_fsync: 0
2018/09/11-10:45:32.611539 7fcf02fb6700                       Options.max_log_file_size: 0
2018/09/11-10:45:32.611542 7fcf02fb6700                  Options.max_manifest_file_size: 18446744073709551615
2018/09/11-10:45:32.611544 7fcf02fb6700                   Options.log_file_time_to_roll: 0
2018/09/11-10:45:32.611546 7fcf02fb6700                       Options.keep_log_file_num: 1000
2018/09/11-10:45:32.611547 7fcf02fb6700                    Options.recycle_log_file_num: 0
2018/09/11-10:45:32.611549 7fcf02fb6700                         Options.allow_fallocate: 1
2018/09/11-10:45:32.611550 7fcf02fb6700                        Options.allow_mmap_reads: 0
2018/09/11-10:45:32.611552 7fcf02fb6700                       Options.allow_mmap_writes: 0
2018/09/11-10:45:32.611553 7fcf02fb6700                        Options.use_direct_reads: 0
2018/09/11-10:45:32.611555 7fcf02fb6700                        Options.use_direct_io_for_flush_and_compaction: 0
2018/09/11-10:45:32.611556 7fcf02fb6700          Options.create_missing_column_families: 0
2018/09/11-10:45:32.611558 7fcf02fb6700                              Options.db_log_dir: 
2018/09/11-10:45:32.611559 7fcf02fb6700                                 Options.wal_dir: testDispose//tmp/rdbfactorytest115
2018/09/11-10:45:32.611561 7fcf02fb6700                Options.table_cache_numshardbits: 6
2018/09/11-10:45:32.611562 7fcf02fb6700                      Options.max_subcompactions: 1
2018/09/11-10:45:32.611564 7fcf02fb6700                  Options.max_background_flushes: -1
2018/09/11-10:45:32.611565 7fcf02fb6700                         Options.WAL_ttl_seconds: 0
2018/09/11-10:45:32.611566 7fcf02fb6700                       Options.WAL_size_limit_MB: 0
2018/09/11-10:45:32.611568 7fcf02fb6700             Options.manifest_preallocation_size: 4194304
2018/09/11-10:45:32.611569 7fcf02fb6700                     Options.is_fd_close_on_exec: 1
2018/09/11-10:45:32.611571 7fcf02fb6700                   Options.advise_random_on_open: 1
2018/09/11-10:45:32.611574 7fcf02fb6700                    Options.db_write_buffer_size: 0
2018/09/11-10:45:32.611576 7fcf02fb6700         Options.access_hint_on_compaction_start: 1
2018/09/11-10:45:32.611578 7fcf02fb6700  Options.new_table_reader_for_compaction_inputs: 0
2018/09/11-10:45:32.611580 7fcf02fb6700               Options.compaction_readahead_size: 0
2018/09/11-10:45:32.611582 7fcf02fb6700           Options.random_access_max_buffer_size: 1048576
2018/09/11-10:45:32.611585 7fcf02fb6700           Options.writable_file_max_buffer_size: 1048576
2018/09/11-10:45:32.611587 7fcf02fb6700                      Options.use_adaptive_mutex: 0
2018/09/11-10:45:32.611589 7fcf02fb6700                            Options.rate_limiter: (nil)
2018/09/11-10:45:32.611592 7fcf02fb6700     Options.sst_file_manager.rate_bytes_per_sec: 0
2018/09/11-10:45:32.611595 7fcf02fb6700                          Options.bytes_per_sync: 0
2018/09/11-10:45:32.611597 7fcf02fb6700                      Options.wal_bytes_per_sync: 0
2018/09/11-10:45:32.611599 7fcf02fb6700                       Options.wal_recovery_mode: 2
2018/09/11-10:45:32.611621 7fcf02fb6700                  Options.enable_thread_tracking: 0
2018/09/11-10:45:32.611625 7fcf02fb6700                  Options.enable_pipelined_write: 0
2018/09/11-10:45:32.611627 7fcf02fb6700         Options.allow_concurrent_memtable_write: 1
2018/09/11-10:45:32.611630 7fcf02fb6700      Options.enable_write_thread_adaptive_yield: 1
2018/09/11-10:45:32.611632 7fcf02fb6700             Options.write_thread_max_yield_usec: 100
2018/09/11-10:45:32.611634 7fcf02fb6700            Options.write_thread_slow_yield_usec: 3
2018/09/11-10:45:32.611637 7fcf02fb6700                               Options.row_cache: None
2018/09/11-10:45:32.611640 7fcf02fb6700                              Options.wal_filter: None
2018/09/11-10:45:32.611642 7fcf02fb6700             Options.avoid_flush_during_recovery: 0
2018/09/11-10:45:32.611645 7fcf02fb6700             Options.allow_ingest_behind: 0
2018/09/11-10:45:32.611647 7fcf02fb6700             Options.concurrent_prepare: 0
2018/09/11-10:45:32.611649 7fcf02fb6700             Options.manual_wal_flush: 0
2018/09/11-10:45:32.611652 7fcf02fb6700             Options.max_background_jobs: 2
2018/09/11-10:45:32.611654 7fcf02fb6700             Options.max_background_compactions: -1
2018/09/11-10:45:32.611656 7fcf02fb6700             Options.avoid_flush_during_shutdown: 0
2018/09/11-10:45:32.611659 7fcf02fb6700             Options.delayed_write_rate : 16777216
2018/09/11-10:45:32.611661 7fcf02fb6700             Options.max_total_wal_size: 0
2018/09/11-10:45:32.611664 7fcf02fb6700             Options.delete_obsolete_files_period_micros: 21600000000
2018/09/11-10:45:32.611667 7fcf02fb6700                   Options.stats_dump_period_sec: 600
2018/09/11-10:45:32.611669 7fcf02fb6700                          Options.max_open_files: -1
2018/09/11-10:45:32.611670 7fcf02fb6700 Compression algorithms supported:
2018/09/11-10:45:32.611672 7fcf02fb6700 	Snappy supported: 1
2018/09/11-10:45:32.611673 7fcf02fb6700 	Zlib supported: 1
2018/09/11-10:45:32.611675 7fcf02fb6700 	Bzip supported: 1
2018/09/11-10:45:32.611676 7fcf02fb6700 	LZ4 supported: 1
2018/09/11-10:45:32.611678 7fcf02fb6700 	ZSTD supported: 1
2018/09/11-10:45:32.611680 7fcf02fb6700 Fast CRC32 supported: 0
2018/09/11-10:45:32.611802 7fcf02fb6700 [db/db_impl_open.cc:216] Creating manifest 1 
2018/09/11-10:45:32.809259 7fcf02fb6700 [db/version_set.cc:2712] Recovering from manifest file: MANIFEST-000001
2018/09/11-10:45:32.809364 7fcf02fb6700 [db/column_family.cc:413] --------------- Options for column family [default]:
2018/09/11-10:45:32.809369 7fcf02fb6700               Options.comparator: leveldb.BytewiseComparator
2018/09/11-10:45:32.809372 7fcf02fb6700           Options.merge_operator: None
2018/09/11-10:45:32.809374 7fcf02fb6700        Options.compaction_filter: None
2018/09/11-10:45:32.809375 7fcf02fb6700        Options.compaction_filter_factory: None
2018/09/11-10:45:32.809378 7fcf02fb6700         Options.memtable_factory: SkipListFactory
2018/09/11-10:45:32.809380 7fcf02fb6700            Options.table_factory: BlockBasedTable
2018/09/11-10:45:32.809422 7fcf02fb6700            table_factory options:   flush_block_policy_factory: FlushBlockBySizePolicyFactory (0x7fcefc860ad0)
  cache_index_and_filter_blocks: 0
  cache_index_and_filter_blocks_with_high_priority: 0
  pin_l0_filter_and_index_blocks_in_cache: 0
  index_type: 2
  hash_index_allow_collision: 1
  checksum: 1
  no_block_cache: 0
  block_cache: 0x7fcefc82c458
  block_cache_name: LRUCache
  block_cache_options:
    capacity : 104857600
    num_shard_bits : 6
    strict_capacity_limit : 0
    high_pri_pool_ratio: 0.000
  block_cache_compressed: (nil)
  persistent_cache: (nil)
  block_size: 262144
  block_size_deviation: 10
  block_restart_interval: 16
  index_block_restart_interval: 1
  filter_policy: rocksdb.BuiltinBloomFilter
  whole_key_filtering: 1
  format_version: 0
2018/09/11-10:45:32.809427 7fcf02fb6700        Options.write_buffer_size: 52428800
2018/09/11-10:45:32.809429 7fcf02fb6700  Options.max_write_buffer_number: 2
2018/09/11-10:45:32.809463 7fcf02fb6700          Options.compression: Snappy
2018/09/11-10:45:32.809466 7fcf02fb6700                  Options.bottommost_compression: Disabled
2018/09/11-10:45:32.809468 7fcf02fb6700       Options.prefix_extractor: rocksdb.FixedPrefix.4
2018/09/11-10:45:32.809470 7fcf02fb6700   Options.memtable_insert_with_hint_prefix_extractor: nullptr
2018/09/11-10:45:32.809472 7fcf02fb6700             Options.num_levels: 7
2018/09/11-10:45:32.809474 7fcf02fb6700        Options.min_write_buffer_number_to_merge: 1
2018/09/11-10:45:32.809477 7fcf02fb6700     Options.max_write_buffer_number_to_maintain: 0
2018/09/11-10:45:32.809479 7fcf02fb6700            Options.compression_opts.window_bits: -14
2018/09/11-10:45:32.809482 7fcf02fb6700                  Options.compression_opts.level: -1
2018/09/11-10:45:32.809485 7fcf02fb6700               Options.compression_opts.strategy: 0
2018/09/11-10:45:32.809488 7fcf02fb6700         Options.compression_opts.max_dict_bytes: 0
2018/09/11-10:45:32.809490 7fcf02fb6700      Options.level0_file_num_compaction_trigger: 4
2018/09/11-10:45:32.809493 7fcf02fb6700          Options.level0_slowdown_writes_trigger: 20
2018/09/11-10:45:32.809496 7fcf02fb6700              Options.level0_stop_writes_trigger: 36
2018/09/11-10:45:32.809499 7fcf02fb6700                   Options.target_file_size_base: 67108864
2018/09/11-10:45:32.809501 7fcf02fb6700             Options.target_file_size_multiplier: 1
2018/09/11-10:45:32.809504 7fcf02fb6700                Options.max_bytes_for_level_base: 268435456
2018/09/11-10:45:32.809507 7fcf02fb6700 Options.level_compaction_dynamic_level_bytes: 0
2018/09/11-10:45:32.809510 7fcf02fb6700          Options.max_bytes_for_level_multiplier: 10.000000
2018/09/11-10:45:32.809516 7fcf02fb6700 Options.max_bytes_for_level_multiplier_addtl[0]: 1
2018/09/11-10:45:32.809519 7fcf02fb6700 Options.max_bytes_for_level_multiplier_addtl[1]: 1
2018/09/11-10:45:32.809522 7fcf02fb6700 Options.max_bytes_for_level_multiplier_addtl[2]: 1
2018/09/11-10:45:32.809525 7fcf02fb6700 Options.max_bytes_for_level_multiplier_addtl[3]: 1
2018/09/11-10:45:32.809528 7fcf02fb6700 Options.max_bytes_for_level_multiplier_addtl[4]: 1
2018/09/11-10:45:32.809530 7fcf02fb6700 Options.max_bytes_for_level_multiplier_addtl[5]: 1
2018/09/11-10:45:32.809532 7fcf02fb6700 Options.max_bytes_for_level_multiplier_addtl[6]: 1
2018/09/11-10:45:32.809534 7fcf02fb6700       Options.max_sequential_skip_in_iterations: 8
2018/09/11-10:45:32.809535 7fcf02fb6700                    Options.max_compaction_bytes: 1677721600
2018/09/11-10:45:32.809537 7fcf02fb6700                        Options.arena_block_size: 6553600
2018/09/11-10:45:32.809539 7fcf02fb6700   Options.soft_pending_compaction_bytes_limit: 68719476736
2018/09/11-10:45:32.809541 7fcf02fb6700   Options.hard_pending_compaction_bytes_limit: 274877906944
2018/09/11-10:45:32.809543 7fcf02fb6700       Options.rate_limit_delay_max_milliseconds: 100
2018/09/11-10:45:32.809545 7fcf02fb6700                Options.disable_auto_compactions: 0
2018/09/11-10:45:32.809548 7fcf02fb6700                        Options.compaction_style: kCompactionStyleLevel
2018/09/11-10:45:32.809550 7fcf02fb6700                          Options.compaction_pri: kByCompensatedSize
2018/09/11-10:45:32.809552 7fcf02fb6700 Options.compaction_options_universal.size_ratio: 1
2018/09/11-10:45:32.809554 7fcf02fb6700 Options.compaction_options_universal.min_merge_width: 2
2018/09/11-10:45:32.809555 7fcf02fb6700 Options.compaction_options_universal.max_merge_width: 4294967295
2018/09/11-10:45:32.809557 7fcf02fb6700 Options.compaction_options_universal.max_size_amplification_percent: 200
2018/09/11-10:45:32.809559 7fcf02fb6700 Options.compaction_options_universal.compression_size_percent: -1
2018/09/11-10:45:32.809562 7fcf02fb6700 Options.compaction_options_universal.stop_style: kCompactionStopStyleTotalSize
2018/09/11-10:45:32.809563 7fcf02fb6700 Options.compaction_options_fifo.max_table_files_size: 1073741824
2018/09/11-10:45:32.809565 7fcf02fb6700 Options.compaction_options_fifo.allow_compaction: 0
2018/09/11-10:45:32.809586 7fcf02fb6700 Options.compaction_options_fifo.ttl: 0
2018/09/11-10:45:32.809589 7fcf02fb6700                   Options.table_properties_collectors: 
2018/09/11-10:45:32.809591 7fcf02fb6700                   Options.inplace_update_support: 0
2018/09/11-10:45:32.809593 7fcf02fb6700                 Options.inplace_update_num_locks: 10000
2018/09/11-10:45:32.809595 7fcf02fb6700               Options.memtable_prefix_bloom_size_ratio: 0.000000
2018/09/11-10:45:32.809598 7fcf02fb6700   Options.memtable_huge_page_size: 0
2018/09/11-10:45:32.809601 7fcf02fb6700                           Options.bloom_locality: 0
2018/09/11-10:45:32.809604 7fcf02fb6700                    Options.max_successive_merges: 0
2018/09/11-10:45:32.809607 7fcf02fb6700                Options.optimize_filters_for_hits: 0
2018/09/11-10:45:32.809609 7fcf02fb6700                Options.paranoid_file_checks: 0
2018/09/11-10:45:32.809612 7fcf02fb6700                Options.force_consistency_checks: 0
2018/09/11-10:45:32.809615 7fcf02fb6700                Options.report_bg_io_stats: 0
2018/09/11-10:45:32.810639 7fcf02fb6700 [db/version_set.cc:2969] Recovered from manifest file:testDispose//tmp/rdbfactorytest115/MANIFEST-000001 succeeded,manifest_file_number is 1, next_file_number is 3, last_sequence is 0, log_number is 0,prev_log_number is 0,max_column_family is 0
2018/09/11-10:45:32.810647 7fcf02fb6700 [db/version_set.cc:2977] Column family [default] (ID 0), log number is 0
2018/09/11-10:45:32.927776 7fcf02fb6700 [db/db_impl_open.cc:1111] DB pointer 0x7fcefd6b6160
2018/09/11-10:47:21.094833 7fcecdec9700 [db/db_impl.cc:222] Shutdown: canceling all background work
2018/09/11-10:47:21.094924 7fcecdec9700 [db/db_impl.cc:348] Shutdown complete
