2018/09/24-08:42:16.060065 7f6520ea5700 RocksDB version: 5.7.3
2018/09/24-08:42:16.060127 7f6520ea5700 Git sha rocksdb_build_git_sha:
2018/09/24-08:42:16.060132 7f6520ea5700 Compile date Sep  1 2017
2018/09/24-08:42:16.060135 7f6520ea5700 DB SUMMARY
2018/09/24-08:42:16.060187 7f6520ea5700 SST files in testDispose//tmp/rdbfactorytest224 dir, Total Num: 0, files: 
2018/09/24-08:42:16.060192 7f6520ea5700 Write Ahead Log file in testDispose//tmp/rdbfactorytest224: 
2018/09/24-08:42:16.060196 7f6520ea5700                         Options.error_if_exists: 0
2018/09/24-08:42:16.060198 7f6520ea5700                       Options.create_if_missing: 1
2018/09/24-08:42:16.060200 7f6520ea5700                         Options.paranoid_checks: 1
2018/09/24-08:42:16.060202 7f6520ea5700                                     Options.env: 0x7f64eca48880
2018/09/24-08:42:16.060219 7f6520ea5700                                Options.info_log: 0x7f6518f0c6a0
2018/09/24-08:42:16.060222 7f6520ea5700                Options.max_file_opening_threads: 16
2018/09/24-08:42:16.060224 7f6520ea5700                               Options.use_fsync: 0
2018/09/24-08:42:16.060225 7f6520ea5700                       Options.max_log_file_size: 0
2018/09/24-08:42:16.060228 7f6520ea5700                  Options.max_manifest_file_size: 18446744073709551615
2018/09/24-08:42:16.060230 7f6520ea5700                   Options.log_file_time_to_roll: 0
2018/09/24-08:42:16.060232 7f6520ea5700                       Options.keep_log_file_num: 1000
2018/09/24-08:42:16.060234 7f6520ea5700                    Options.recycle_log_file_num: 0
2018/09/24-08:42:16.060236 7f6520ea5700                         Options.allow_fallocate: 1
2018/09/24-08:42:16.060237 7f6520ea5700                        Options.allow_mmap_reads: 0
2018/09/24-08:42:16.060239 7f6520ea5700                       Options.allow_mmap_writes: 0
2018/09/24-08:42:16.060241 7f6520ea5700                        Options.use_direct_reads: 0
2018/09/24-08:42:16.060243 7f6520ea5700                        Options.use_direct_io_for_flush_and_compaction: 0
2018/09/24-08:42:16.060245 7f6520ea5700          Options.create_missing_column_families: 0
2018/09/24-08:42:16.060247 7f6520ea5700                              Options.db_log_dir: 
2018/09/24-08:42:16.060248 7f6520ea5700                                 Options.wal_dir: testDispose//tmp/rdbfactorytest224
2018/09/24-08:42:16.060250 7f6520ea5700                Options.table_cache_numshardbits: 6
2018/09/24-08:42:16.060252 7f6520ea5700                      Options.max_subcompactions: 1
2018/09/24-08:42:16.060254 7f6520ea5700                  Options.max_background_flushes: -1
2018/09/24-08:42:16.060256 7f6520ea5700                         Options.WAL_ttl_seconds: 0
2018/09/24-08:42:16.060258 7f6520ea5700                       Options.WAL_size_limit_MB: 0
2018/09/24-08:42:16.060260 7f6520ea5700             Options.manifest_preallocation_size: 4194304
2018/09/24-08:42:16.060262 7f6520ea5700                     Options.is_fd_close_on_exec: 1
2018/09/24-08:42:16.060263 7f6520ea5700                   Options.advise_random_on_open: 1
2018/09/24-08:42:16.060265 7f6520ea5700                    Options.db_write_buffer_size: 0
2018/09/24-08:42:16.060267 7f6520ea5700         Options.access_hint_on_compaction_start: 1
2018/09/24-08:42:16.060269 7f6520ea5700  Options.new_table_reader_for_compaction_inputs: 0
2018/09/24-08:42:16.060271 7f6520ea5700               Options.compaction_readahead_size: 0
2018/09/24-08:42:16.060272 7f6520ea5700           Options.random_access_max_buffer_size: 1048576
2018/09/24-08:42:16.060274 7f6520ea5700           Options.writable_file_max_buffer_size: 1048576
2018/09/24-08:42:16.060276 7f6520ea5700                      Options.use_adaptive_mutex: 0
2018/09/24-08:42:16.060278 7f6520ea5700                            Options.rate_limiter: (nil)
2018/09/24-08:42:16.060280 7f6520ea5700     Options.sst_file_manager.rate_bytes_per_sec: 0
2018/09/24-08:42:16.060282 7f6520ea5700                          Options.bytes_per_sync: 0
2018/09/24-08:42:16.060284 7f6520ea5700                      Options.wal_bytes_per_sync: 0
2018/09/24-08:42:16.060286 7f6520ea5700                       Options.wal_recovery_mode: 2
2018/09/24-08:42:16.060309 7f6520ea5700                  Options.enable_thread_tracking: 0
2018/09/24-08:42:16.060312 7f6520ea5700                  Options.enable_pipelined_write: 0
2018/09/24-08:42:16.060314 7f6520ea5700         Options.allow_concurrent_memtable_write: 1
2018/09/24-08:42:16.060316 7f6520ea5700      Options.enable_write_thread_adaptive_yield: 1
2018/09/24-08:42:16.060318 7f6520ea5700             Options.write_thread_max_yield_usec: 100
2018/09/24-08:42:16.060320 7f6520ea5700            Options.write_thread_slow_yield_usec: 3
2018/09/24-08:42:16.060321 7f6520ea5700                               Options.row_cache: None
2018/09/24-08:42:16.060323 7f6520ea5700                              Options.wal_filter: None
2018/09/24-08:42:16.060325 7f6520ea5700             Options.avoid_flush_during_recovery: 0
2018/09/24-08:42:16.060327 7f6520ea5700             Options.allow_ingest_behind: 0
2018/09/24-08:42:16.060329 7f6520ea5700             Options.concurrent_prepare: 0
2018/09/24-08:42:16.060331 7f6520ea5700             Options.manual_wal_flush: 0
2018/09/24-08:42:16.060333 7f6520ea5700             Options.max_background_jobs: 2
2018/09/24-08:42:16.060335 7f6520ea5700             Options.max_background_compactions: -1
2018/09/24-08:42:16.060337 7f6520ea5700             Options.avoid_flush_during_shutdown: 0
2018/09/24-08:42:16.060339 7f6520ea5700             Options.delayed_write_rate : 16777216
2018/09/24-08:42:16.060341 7f6520ea5700             Options.max_total_wal_size: 0
2018/09/24-08:42:16.060343 7f6520ea5700             Options.delete_obsolete_files_period_micros: 21600000000
2018/09/24-08:42:16.060345 7f6520ea5700                   Options.stats_dump_period_sec: 600
2018/09/24-08:42:16.060347 7f6520ea5700                          Options.max_open_files: -1
2018/09/24-08:42:16.060349 7f6520ea5700 Compression algorithms supported:
2018/09/24-08:42:16.060351 7f6520ea5700 	Snappy supported: 1
2018/09/24-08:42:16.060353 7f6520ea5700 	Zlib supported: 1
2018/09/24-08:42:16.060354 7f6520ea5700 	Bzip supported: 1
2018/09/24-08:42:16.060356 7f6520ea5700 	LZ4 supported: 1
2018/09/24-08:42:16.060358 7f6520ea5700 	ZSTD supported: 1
2018/09/24-08:42:16.060361 7f6520ea5700 Fast CRC32 supported: 0
2018/09/24-08:42:16.060497 7f6520ea5700 [db/db_impl_open.cc:216] Creating manifest 1 
2018/09/24-08:42:16.225089 7f6520ea5700 [db/version_set.cc:2712] Recovering from manifest file: MANIFEST-000001
2018/09/24-08:42:16.225165 7f6520ea5700 [db/column_family.cc:413] --------------- Options for column family [default]:
2018/09/24-08:42:16.225170 7f6520ea5700               Options.comparator: leveldb.BytewiseComparator
2018/09/24-08:42:16.225172 7f6520ea5700           Options.merge_operator: None
2018/09/24-08:42:16.225174 7f6520ea5700        Options.compaction_filter: None
2018/09/24-08:42:16.225176 7f6520ea5700        Options.compaction_filter_factory: None
2018/09/24-08:42:16.225178 7f6520ea5700         Options.memtable_factory: SkipListFactory
2018/09/24-08:42:16.225181 7f6520ea5700            Options.table_factory: BlockBasedTable
2018/09/24-08:42:16.225243 7f6520ea5700            table_factory options:   flush_block_policy_factory: FlushBlockBySizePolicyFactory (0x7f651885eec0)
  cache_index_and_filter_blocks: 0
  cache_index_and_filter_blocks_with_high_priority: 0
  pin_l0_filter_and_index_blocks_in_cache: 0
  index_type: 2
  hash_index_allow_collision: 1
  checksum: 1
  no_block_cache: 0
  block_cache: 0x7f651885c9b8
  block_cache_name: LRUCache
  block_cache_options:
    capacity : 104857600
    num_shard_bits : 6
    strict_capacity_limit : 0
    high_pri_pool_ratio: 0.000
  block_cache_compressed: (nil)
  persistent_cache: (nil)
  block_size: 262144
  block_size_deviation: 10
  block_restart_interval: 16
  index_block_restart_interval: 1
  filter_policy: rocksdb.BuiltinBloomFilter
  whole_key_filtering: 1
  format_version: 0
2018/09/24-08:42:16.225250 7f6520ea5700        Options.write_buffer_size: 52428800
2018/09/24-08:42:16.225252 7f6520ea5700  Options.max_write_buffer_number: 2
2018/09/24-08:42:16.225280 7f6520ea5700          Options.compression: Snappy
2018/09/24-08:42:16.225284 7f6520ea5700                  Options.bottommost_compression: Disabled
2018/09/24-08:42:16.225286 7f6520ea5700       Options.prefix_extractor: rocksdb.FixedPrefix.4
2018/09/24-08:42:16.225288 7f6520ea5700   Options.memtable_insert_with_hint_prefix_extractor: nullptr
2018/09/24-08:42:16.225290 7f6520ea5700             Options.num_levels: 7
2018/09/24-08:42:16.225292 7f6520ea5700        Options.min_write_buffer_number_to_merge: 1
2018/09/24-08:42:16.225294 7f6520ea5700     Options.max_write_buffer_number_to_maintain: 0
2018/09/24-08:42:16.225296 7f6520ea5700            Options.compression_opts.window_bits: -14
2018/09/24-08:42:16.225298 7f6520ea5700                  Options.compression_opts.level: -1
2018/09/24-08:42:16.225300 7f6520ea5700               Options.compression_opts.strategy: 0
2018/09/24-08:42:16.225302 7f6520ea5700         Options.compression_opts.max_dict_bytes: 0
2018/09/24-08:42:16.225303 7f6520ea5700      Options.level0_file_num_compaction_trigger: 4
2018/09/24-08:42:16.225305 7f6520ea5700          Options.level0_slowdown_writes_trigger: 20
2018/09/24-08:42:16.225307 7f6520ea5700              Options.level0_stop_writes_trigger: 36
2018/09/24-08:42:16.225309 7f6520ea5700                   Options.target_file_size_base: 67108864
2018/09/24-08:42:16.225311 7f6520ea5700             Options.target_file_size_multiplier: 1
2018/09/24-08:42:16.225313 7f6520ea5700                Options.max_bytes_for_level_base: 268435456
2018/09/24-08:42:16.225315 7f6520ea5700 Options.level_compaction_dynamic_level_bytes: 0
2018/09/24-08:42:16.225317 7f6520ea5700          Options.max_bytes_for_level_multiplier: 10.000000
2018/09/24-08:42:16.225322 7f6520ea5700 Options.max_bytes_for_level_multiplier_addtl[0]: 1
2018/09/24-08:42:16.225324 7f6520ea5700 Options.max_bytes_for_level_multiplier_addtl[1]: 1
2018/09/24-08:42:16.225326 7f6520ea5700 Options.max_bytes_for_level_multiplier_addtl[2]: 1
2018/09/24-08:42:16.225328 7f6520ea5700 Options.max_bytes_for_level_multiplier_addtl[3]: 1
2018/09/24-08:42:16.225330 7f6520ea5700 Options.max_bytes_for_level_multiplier_addtl[4]: 1
2018/09/24-08:42:16.225332 7f6520ea5700 Options.max_bytes_for_level_multiplier_addtl[5]: 1
2018/09/24-08:42:16.225334 7f6520ea5700 Options.max_bytes_for_level_multiplier_addtl[6]: 1
2018/09/24-08:42:16.225336 7f6520ea5700       Options.max_sequential_skip_in_iterations: 8
2018/09/24-08:42:16.225338 7f6520ea5700                    Options.max_compaction_bytes: 1677721600
2018/09/24-08:42:16.225340 7f6520ea5700                        Options.arena_block_size: 6553600
2018/09/24-08:42:16.225342 7f6520ea5700   Options.soft_pending_compaction_bytes_limit: 68719476736
2018/09/24-08:42:16.225344 7f6520ea5700   Options.hard_pending_compaction_bytes_limit: 274877906944
2018/09/24-08:42:16.225346 7f6520ea5700       Options.rate_limit_delay_max_milliseconds: 100
2018/09/24-08:42:16.225348 7f6520ea5700                Options.disable_auto_compactions: 0
2018/09/24-08:42:16.225351 7f6520ea5700                        Options.compaction_style: kCompactionStyleLevel
2018/09/24-08:42:16.225353 7f6520ea5700                          Options.compaction_pri: kByCompensatedSize
2018/09/24-08:42:16.225355 7f6520ea5700 Options.compaction_options_universal.size_ratio: 1
2018/09/24-08:42:16.225357 7f6520ea5700 Options.compaction_options_universal.min_merge_width: 2
2018/09/24-08:42:16.225359 7f6520ea5700 Options.compaction_options_universal.max_merge_width: 4294967295
2018/09/24-08:42:16.225361 7f6520ea5700 Options.compaction_options_universal.max_size_amplification_percent: 200
2018/09/24-08:42:16.225363 7f6520ea5700 Options.compaction_options_universal.compression_size_percent: -1
2018/09/24-08:42:16.225365 7f6520ea5700 Options.compaction_options_universal.stop_style: kCompactionStopStyleTotalSize
2018/09/24-08:42:16.225367 7f6520ea5700 Options.compaction_options_fifo.max_table_files_size: 1073741824
2018/09/24-08:42:16.225369 7f6520ea5700 Options.compaction_options_fifo.allow_compaction: 0
2018/09/24-08:42:16.225388 7f6520ea5700 Options.compaction_options_fifo.ttl: 0
2018/09/24-08:42:16.225391 7f6520ea5700                   Options.table_properties_collectors: 
2018/09/24-08:42:16.225393 7f6520ea5700                   Options.inplace_update_support: 0
2018/09/24-08:42:16.225395 7f6520ea5700                 Options.inplace_update_num_locks: 10000
2018/09/24-08:42:16.225397 7f6520ea5700               Options.memtable_prefix_bloom_size_ratio: 0.000000
2018/09/24-08:42:16.225400 7f6520ea5700   Options.memtable_huge_page_size: 0
2018/09/24-08:42:16.225402 7f6520ea5700                           Options.bloom_locality: 0
2018/09/24-08:42:16.225404 7f6520ea5700                    Options.max_successive_merges: 0
2018/09/24-08:42:16.225406 7f6520ea5700                Options.optimize_filters_for_hits: 0
2018/09/24-08:42:16.225408 7f6520ea5700                Options.paranoid_file_checks: 0
2018/09/24-08:42:16.225410 7f6520ea5700                Options.force_consistency_checks: 0
2018/09/24-08:42:16.225411 7f6520ea5700                Options.report_bg_io_stats: 0
2018/09/24-08:42:16.226626 7f6520ea5700 [db/version_set.cc:2969] Recovered from manifest file:testDispose//tmp/rdbfactorytest224/MANIFEST-000001 succeeded,manifest_file_number is 1, next_file_number is 3, last_sequence is 0, log_number is 0,prev_log_number is 0,max_column_family is 0
2018/09/24-08:42:16.226634 7f6520ea5700 [db/version_set.cc:2977] Column family [default] (ID 0), log number is 0
2018/09/24-08:42:16.342398 7f6520ea5700 [db/db_impl_open.cc:1111] DB pointer 0x7f6518e83ec0
2018/09/24-08:43:11.030438 7f64d81b8700 [db/db_impl.cc:222] Shutdown: canceling all background work
2018/09/24-08:43:11.030571 7f64d81b8700 [db/db_impl.cc:348] Shutdown complete
