2018/09/11-10:45:33.869919 7fcf02fb6700 RocksDB version: 5.7.3
2018/09/11-10:45:33.869965 7fcf02fb6700 Git sha rocksdb_build_git_sha:
2018/09/11-10:45:33.869968 7fcf02fb6700 Compile date Sep  1 2017
2018/09/11-10:45:33.869971 7fcf02fb6700 DB SUMMARY
2018/09/11-10:45:33.870015 7fcf02fb6700 SST files in testDispose//tmp/rdbfactorytest119 dir, Total Num: 0, files: 
2018/09/11-10:45:33.870019 7fcf02fb6700 Write Ahead Log file in testDispose//tmp/rdbfactorytest119: 
2018/09/11-10:45:33.870022 7fcf02fb6700                         Options.error_if_exists: 0
2018/09/11-10:45:33.870024 7fcf02fb6700                       Options.create_if_missing: 1
2018/09/11-10:45:33.870026 7fcf02fb6700                         Options.paranoid_checks: 1
2018/09/11-10:45:33.870028 7fcf02fb6700                                     Options.env: 0x7fceceb59880
2018/09/11-10:45:33.870030 7fcf02fb6700                                Options.info_log: 0x7fcefd73cdd0
2018/09/11-10:45:33.870031 7fcf02fb6700                Options.max_file_opening_threads: 16
2018/09/11-10:45:33.870033 7fcf02fb6700                               Options.use_fsync: 0
2018/09/11-10:45:33.870035 7fcf02fb6700                       Options.max_log_file_size: 0
2018/09/11-10:45:33.870036 7fcf02fb6700                  Options.max_manifest_file_size: 18446744073709551615
2018/09/11-10:45:33.870038 7fcf02fb6700                   Options.log_file_time_to_roll: 0
2018/09/11-10:45:33.870040 7fcf02fb6700                       Options.keep_log_file_num: 1000
2018/09/11-10:45:33.870042 7fcf02fb6700                    Options.recycle_log_file_num: 0
2018/09/11-10:45:33.870044 7fcf02fb6700                         Options.allow_fallocate: 1
2018/09/11-10:45:33.870045 7fcf02fb6700                        Options.allow_mmap_reads: 0
2018/09/11-10:45:33.870047 7fcf02fb6700                       Options.allow_mmap_writes: 0
2018/09/11-10:45:33.870048 7fcf02fb6700                        Options.use_direct_reads: 0
2018/09/11-10:45:33.870050 7fcf02fb6700                        Options.use_direct_io_for_flush_and_compaction: 0
2018/09/11-10:45:33.870052 7fcf02fb6700          Options.create_missing_column_families: 0
2018/09/11-10:45:33.870053 7fcf02fb6700                              Options.db_log_dir: 
2018/09/11-10:45:33.870055 7fcf02fb6700                                 Options.wal_dir: testDispose//tmp/rdbfactorytest119
2018/09/11-10:45:33.870057 7fcf02fb6700                Options.table_cache_numshardbits: 6
2018/09/11-10:45:33.870058 7fcf02fb6700                      Options.max_subcompactions: 1
2018/09/11-10:45:33.870060 7fcf02fb6700                  Options.max_background_flushes: -1
2018/09/11-10:45:33.870062 7fcf02fb6700                         Options.WAL_ttl_seconds: 0
2018/09/11-10:45:33.870063 7fcf02fb6700                       Options.WAL_size_limit_MB: 0
2018/09/11-10:45:33.870065 7fcf02fb6700             Options.manifest_preallocation_size: 4194304
2018/09/11-10:45:33.870067 7fcf02fb6700                     Options.is_fd_close_on_exec: 1
2018/09/11-10:45:33.870068 7fcf02fb6700                   Options.advise_random_on_open: 1
2018/09/11-10:45:33.870070 7fcf02fb6700                    Options.db_write_buffer_size: 0
2018/09/11-10:45:33.870072 7fcf02fb6700         Options.access_hint_on_compaction_start: 1
2018/09/11-10:45:33.870073 7fcf02fb6700  Options.new_table_reader_for_compaction_inputs: 0
2018/09/11-10:45:33.870075 7fcf02fb6700               Options.compaction_readahead_size: 0
2018/09/11-10:45:33.870076 7fcf02fb6700           Options.random_access_max_buffer_size: 1048576
2018/09/11-10:45:33.870078 7fcf02fb6700           Options.writable_file_max_buffer_size: 1048576
2018/09/11-10:45:33.870080 7fcf02fb6700                      Options.use_adaptive_mutex: 0
2018/09/11-10:45:33.870082 7fcf02fb6700                            Options.rate_limiter: (nil)
2018/09/11-10:45:33.870084 7fcf02fb6700     Options.sst_file_manager.rate_bytes_per_sec: 0
2018/09/11-10:45:33.870085 7fcf02fb6700                          Options.bytes_per_sync: 0
2018/09/11-10:45:33.870087 7fcf02fb6700                      Options.wal_bytes_per_sync: 0
2018/09/11-10:45:33.870088 7fcf02fb6700                       Options.wal_recovery_mode: 2
2018/09/11-10:45:33.870106 7fcf02fb6700                  Options.enable_thread_tracking: 0
2018/09/11-10:45:33.870109 7fcf02fb6700                  Options.enable_pipelined_write: 0
2018/09/11-10:45:33.870110 7fcf02fb6700         Options.allow_concurrent_memtable_write: 1
2018/09/11-10:45:33.870112 7fcf02fb6700      Options.enable_write_thread_adaptive_yield: 1
2018/09/11-10:45:33.870114 7fcf02fb6700             Options.write_thread_max_yield_usec: 100
2018/09/11-10:45:33.870115 7fcf02fb6700            Options.write_thread_slow_yield_usec: 3
2018/09/11-10:45:33.870117 7fcf02fb6700                               Options.row_cache: None
2018/09/11-10:45:33.870119 7fcf02fb6700                              Options.wal_filter: None
2018/09/11-10:45:33.870121 7fcf02fb6700             Options.avoid_flush_during_recovery: 0
2018/09/11-10:45:33.870122 7fcf02fb6700             Options.allow_ingest_behind: 0
2018/09/11-10:45:33.870124 7fcf02fb6700             Options.concurrent_prepare: 0
2018/09/11-10:45:33.870126 7fcf02fb6700             Options.manual_wal_flush: 0
2018/09/11-10:45:33.870128 7fcf02fb6700             Options.max_background_jobs: 2
2018/09/11-10:45:33.870129 7fcf02fb6700             Options.max_background_compactions: -1
2018/09/11-10:45:33.870131 7fcf02fb6700             Options.avoid_flush_during_shutdown: 0
2018/09/11-10:45:33.870133 7fcf02fb6700             Options.delayed_write_rate : 16777216
2018/09/11-10:45:33.870135 7fcf02fb6700             Options.max_total_wal_size: 0
2018/09/11-10:45:33.870137 7fcf02fb6700             Options.delete_obsolete_files_period_micros: 21600000000
2018/09/11-10:45:33.870138 7fcf02fb6700                   Options.stats_dump_period_sec: 600
2018/09/11-10:45:33.870140 7fcf02fb6700                          Options.max_open_files: -1
2018/09/11-10:45:33.870142 7fcf02fb6700 Compression algorithms supported:
2018/09/11-10:45:33.870144 7fcf02fb6700 	Snappy supported: 1
2018/09/11-10:45:33.870145 7fcf02fb6700 	Zlib supported: 1
2018/09/11-10:45:33.870147 7fcf02fb6700 	Bzip supported: 1
2018/09/11-10:45:33.870149 7fcf02fb6700 	LZ4 supported: 1
2018/09/11-10:45:33.870151 7fcf02fb6700 	ZSTD supported: 1
2018/09/11-10:45:33.870153 7fcf02fb6700 Fast CRC32 supported: 0
2018/09/11-10:45:33.870282 7fcf02fb6700 [db/db_impl_open.cc:216] Creating manifest 1 
2018/09/11-10:45:34.085306 7fcf02fb6700 [db/version_set.cc:2712] Recovering from manifest file: MANIFEST-000001
2018/09/11-10:45:34.085369 7fcf02fb6700 [db/column_family.cc:413] --------------- Options for column family [default]:
2018/09/11-10:45:34.085373 7fcf02fb6700               Options.comparator: leveldb.BytewiseComparator
2018/09/11-10:45:34.085375 7fcf02fb6700           Options.merge_operator: None
2018/09/11-10:45:34.085376 7fcf02fb6700        Options.compaction_filter: None
2018/09/11-10:45:34.085377 7fcf02fb6700        Options.compaction_filter_factory: None
2018/09/11-10:45:34.085379 7fcf02fb6700         Options.memtable_factory: SkipListFactory
2018/09/11-10:45:34.085380 7fcf02fb6700            Options.table_factory: BlockBasedTable
2018/09/11-10:45:34.085412 7fcf02fb6700            table_factory options:   flush_block_policy_factory: FlushBlockBySizePolicyFactory (0x7fcefc860ad0)
  cache_index_and_filter_blocks: 0
  cache_index_and_filter_blocks_with_high_priority: 0
  pin_l0_filter_and_index_blocks_in_cache: 0
  index_type: 2
  hash_index_allow_collision: 1
  checksum: 1
  no_block_cache: 0
  block_cache: 0x7fcefc82c458
  block_cache_name: LRUCache
  block_cache_options:
    capacity : 104857600
    num_shard_bits : 6
    strict_capacity_limit : 0
    high_pri_pool_ratio: 0.000
  block_cache_compressed: (nil)
  persistent_cache: (nil)
  block_size: 262144
  block_size_deviation: 10
  block_restart_interval: 16
  index_block_restart_interval: 1
  filter_policy: rocksdb.BuiltinBloomFilter
  whole_key_filtering: 1
  format_version: 0
2018/09/11-10:45:34.085416 7fcf02fb6700        Options.write_buffer_size: 52428800
2018/09/11-10:45:34.085417 7fcf02fb6700  Options.max_write_buffer_number: 2
2018/09/11-10:45:34.085443 7fcf02fb6700          Options.compression: Snappy
2018/09/11-10:45:34.085445 7fcf02fb6700                  Options.bottommost_compression: Disabled
2018/09/11-10:45:34.085447 7fcf02fb6700       Options.prefix_extractor: rocksdb.FixedPrefix.4
2018/09/11-10:45:34.085448 7fcf02fb6700   Options.memtable_insert_with_hint_prefix_extractor: nullptr
2018/09/11-10:45:34.085450 7fcf02fb6700             Options.num_levels: 7
2018/09/11-10:45:34.085451 7fcf02fb6700        Options.min_write_buffer_number_to_merge: 1
2018/09/11-10:45:34.085452 7fcf02fb6700     Options.max_write_buffer_number_to_maintain: 0
2018/09/11-10:45:34.085453 7fcf02fb6700            Options.compression_opts.window_bits: -14
2018/09/11-10:45:34.085455 7fcf02fb6700                  Options.compression_opts.level: -1
2018/09/11-10:45:34.085456 7fcf02fb6700               Options.compression_opts.strategy: 0
2018/09/11-10:45:34.085457 7fcf02fb6700         Options.compression_opts.max_dict_bytes: 0
2018/09/11-10:45:34.085458 7fcf02fb6700      Options.level0_file_num_compaction_trigger: 4
2018/09/11-10:45:34.085460 7fcf02fb6700          Options.level0_slowdown_writes_trigger: 20
2018/09/11-10:45:34.085461 7fcf02fb6700              Options.level0_stop_writes_trigger: 36
2018/09/11-10:45:34.085462 7fcf02fb6700                   Options.target_file_size_base: 67108864
2018/09/11-10:45:34.085464 7fcf02fb6700             Options.target_file_size_multiplier: 1
2018/09/11-10:45:34.085465 7fcf02fb6700                Options.max_bytes_for_level_base: 268435456
2018/09/11-10:45:34.085466 7fcf02fb6700 Options.level_compaction_dynamic_level_bytes: 0
2018/09/11-10:45:34.085467 7fcf02fb6700          Options.max_bytes_for_level_multiplier: 10.000000
2018/09/11-10:45:34.085471 7fcf02fb6700 Options.max_bytes_for_level_multiplier_addtl[0]: 1
2018/09/11-10:45:34.085472 7fcf02fb6700 Options.max_bytes_for_level_multiplier_addtl[1]: 1
2018/09/11-10:45:34.085473 7fcf02fb6700 Options.max_bytes_for_level_multiplier_addtl[2]: 1
2018/09/11-10:45:34.085475 7fcf02fb6700 Options.max_bytes_for_level_multiplier_addtl[3]: 1
2018/09/11-10:45:34.085476 7fcf02fb6700 Options.max_bytes_for_level_multiplier_addtl[4]: 1
2018/09/11-10:45:34.085477 7fcf02fb6700 Options.max_bytes_for_level_multiplier_addtl[5]: 1
2018/09/11-10:45:34.085478 7fcf02fb6700 Options.max_bytes_for_level_multiplier_addtl[6]: 1
2018/09/11-10:45:34.085480 7fcf02fb6700       Options.max_sequential_skip_in_iterations: 8
2018/09/11-10:45:34.085481 7fcf02fb6700                    Options.max_compaction_bytes: 1677721600
2018/09/11-10:45:34.085482 7fcf02fb6700                        Options.arena_block_size: 6553600
2018/09/11-10:45:34.085484 7fcf02fb6700   Options.soft_pending_compaction_bytes_limit: 68719476736
2018/09/11-10:45:34.085485 7fcf02fb6700   Options.hard_pending_compaction_bytes_limit: 274877906944
2018/09/11-10:45:34.085486 7fcf02fb6700       Options.rate_limit_delay_max_milliseconds: 100
2018/09/11-10:45:34.085487 7fcf02fb6700                Options.disable_auto_compactions: 0
2018/09/11-10:45:34.085489 7fcf02fb6700                        Options.compaction_style: kCompactionStyleLevel
2018/09/11-10:45:34.085491 7fcf02fb6700                          Options.compaction_pri: kByCompensatedSize
2018/09/11-10:45:34.085492 7fcf02fb6700 Options.compaction_options_universal.size_ratio: 1
2018/09/11-10:45:34.085493 7fcf02fb6700 Options.compaction_options_universal.min_merge_width: 2
2018/09/11-10:45:34.085494 7fcf02fb6700 Options.compaction_options_universal.max_merge_width: 4294967295
2018/09/11-10:45:34.085496 7fcf02fb6700 Options.compaction_options_universal.max_size_amplification_percent: 200
2018/09/11-10:45:34.085497 7fcf02fb6700 Options.compaction_options_universal.compression_size_percent: -1
2018/09/11-10:45:34.085499 7fcf02fb6700 Options.compaction_options_universal.stop_style: kCompactionStopStyleTotalSize
2018/09/11-10:45:34.085500 7fcf02fb6700 Options.compaction_options_fifo.max_table_files_size: 1073741824
2018/09/11-10:45:34.085501 7fcf02fb6700 Options.compaction_options_fifo.allow_compaction: 0
2018/09/11-10:45:34.085512 7fcf02fb6700 Options.compaction_options_fifo.ttl: 0
2018/09/11-10:45:34.085514 7fcf02fb6700                   Options.table_properties_collectors: 
2018/09/11-10:45:34.085516 7fcf02fb6700                   Options.inplace_update_support: 0
2018/09/11-10:45:34.085517 7fcf02fb6700                 Options.inplace_update_num_locks: 10000
2018/09/11-10:45:34.085518 7fcf02fb6700               Options.memtable_prefix_bloom_size_ratio: 0.000000
2018/09/11-10:45:34.085520 7fcf02fb6700   Options.memtable_huge_page_size: 0
2018/09/11-10:45:34.085521 7fcf02fb6700                           Options.bloom_locality: 0
2018/09/11-10:45:34.085522 7fcf02fb6700                    Options.max_successive_merges: 0
2018/09/11-10:45:34.085524 7fcf02fb6700                Options.optimize_filters_for_hits: 0
2018/09/11-10:45:34.085525 7fcf02fb6700                Options.paranoid_file_checks: 0
2018/09/11-10:45:34.085526 7fcf02fb6700                Options.force_consistency_checks: 0
2018/09/11-10:45:34.085527 7fcf02fb6700                Options.report_bg_io_stats: 0
2018/09/11-10:45:34.086380 7fcf02fb6700 [db/version_set.cc:2969] Recovered from manifest file:testDispose//tmp/rdbfactorytest119/MANIFEST-000001 succeeded,manifest_file_number is 1, next_file_number is 3, last_sequence is 0, log_number is 0,prev_log_number is 0,max_column_family is 0
2018/09/11-10:45:34.086385 7fcf02fb6700 [db/version_set.cc:2977] Column family [default] (ID 0), log number is 0
2018/09/11-10:45:34.210914 7fcf02fb6700 [db/db_impl_open.cc:1111] DB pointer 0x7fcefd73c020
2018/09/11-10:47:21.093837 7fcecdec9700 [db/db_impl.cc:222] Shutdown: canceling all background work
2018/09/11-10:47:21.093931 7fcecdec9700 [db/db_impl.cc:348] Shutdown complete
