2018/09/11-10:45:26.945001 7fcf02fb6700 RocksDB version: 5.7.3
2018/09/11-10:45:26.945035 7fcf02fb6700 Git sha rocksdb_build_git_sha:
2018/09/11-10:45:26.945040 7fcf02fb6700 Compile date Sep  1 2017
2018/09/11-10:45:26.945042 7fcf02fb6700 DB SUMMARY
2018/09/11-10:45:26.945085 7fcf02fb6700 SST files in testDispose//tmp/rdbfactorytest101 dir, Total Num: 0, files: 
2018/09/11-10:45:26.945089 7fcf02fb6700 Write Ahead Log file in testDispose//tmp/rdbfactorytest101: 
2018/09/11-10:45:26.945092 7fcf02fb6700                         Options.error_if_exists: 0
2018/09/11-10:45:26.945093 7fcf02fb6700                       Options.create_if_missing: 1
2018/09/11-10:45:26.945094 7fcf02fb6700                         Options.paranoid_checks: 1
2018/09/11-10:45:26.945096 7fcf02fb6700                                     Options.env: 0x7fceceb59880
2018/09/11-10:45:26.945097 7fcf02fb6700                                Options.info_log: 0x7fcefd4c31f0
2018/09/11-10:45:26.945098 7fcf02fb6700                Options.max_file_opening_threads: 16
2018/09/11-10:45:26.945100 7fcf02fb6700                               Options.use_fsync: 0
2018/09/11-10:45:26.945101 7fcf02fb6700                       Options.max_log_file_size: 0
2018/09/11-10:45:26.945102 7fcf02fb6700                  Options.max_manifest_file_size: 18446744073709551615
2018/09/11-10:45:26.945104 7fcf02fb6700                   Options.log_file_time_to_roll: 0
2018/09/11-10:45:26.945105 7fcf02fb6700                       Options.keep_log_file_num: 1000
2018/09/11-10:45:26.945106 7fcf02fb6700                    Options.recycle_log_file_num: 0
2018/09/11-10:45:26.945107 7fcf02fb6700                         Options.allow_fallocate: 1
2018/09/11-10:45:26.945109 7fcf02fb6700                        Options.allow_mmap_reads: 0
2018/09/11-10:45:26.945110 7fcf02fb6700                       Options.allow_mmap_writes: 0
2018/09/11-10:45:26.945111 7fcf02fb6700                        Options.use_direct_reads: 0
2018/09/11-10:45:26.945112 7fcf02fb6700                        Options.use_direct_io_for_flush_and_compaction: 0
2018/09/11-10:45:26.945113 7fcf02fb6700          Options.create_missing_column_families: 0
2018/09/11-10:45:26.945115 7fcf02fb6700                              Options.db_log_dir: 
2018/09/11-10:45:26.945116 7fcf02fb6700                                 Options.wal_dir: testDispose//tmp/rdbfactorytest101
2018/09/11-10:45:26.945117 7fcf02fb6700                Options.table_cache_numshardbits: 6
2018/09/11-10:45:26.945118 7fcf02fb6700                      Options.max_subcompactions: 1
2018/09/11-10:45:26.945119 7fcf02fb6700                  Options.max_background_flushes: -1
2018/09/11-10:45:26.945121 7fcf02fb6700                         Options.WAL_ttl_seconds: 0
2018/09/11-10:45:26.945122 7fcf02fb6700                       Options.WAL_size_limit_MB: 0
2018/09/11-10:45:26.945123 7fcf02fb6700             Options.manifest_preallocation_size: 4194304
2018/09/11-10:45:26.945124 7fcf02fb6700                     Options.is_fd_close_on_exec: 1
2018/09/11-10:45:26.945126 7fcf02fb6700                   Options.advise_random_on_open: 1
2018/09/11-10:45:26.945127 7fcf02fb6700                    Options.db_write_buffer_size: 0
2018/09/11-10:45:26.945128 7fcf02fb6700         Options.access_hint_on_compaction_start: 1
2018/09/11-10:45:26.945129 7fcf02fb6700  Options.new_table_reader_for_compaction_inputs: 0
2018/09/11-10:45:26.945130 7fcf02fb6700               Options.compaction_readahead_size: 0
2018/09/11-10:45:26.945132 7fcf02fb6700           Options.random_access_max_buffer_size: 1048576
2018/09/11-10:45:26.945133 7fcf02fb6700           Options.writable_file_max_buffer_size: 1048576
2018/09/11-10:45:26.945134 7fcf02fb6700                      Options.use_adaptive_mutex: 0
2018/09/11-10:45:26.945135 7fcf02fb6700                            Options.rate_limiter: (nil)
2018/09/11-10:45:26.945137 7fcf02fb6700     Options.sst_file_manager.rate_bytes_per_sec: 0
2018/09/11-10:45:26.945138 7fcf02fb6700                          Options.bytes_per_sync: 0
2018/09/11-10:45:26.945139 7fcf02fb6700                      Options.wal_bytes_per_sync: 0
2018/09/11-10:45:26.945140 7fcf02fb6700                       Options.wal_recovery_mode: 2
2018/09/11-10:45:26.945157 7fcf02fb6700                  Options.enable_thread_tracking: 0
2018/09/11-10:45:26.945160 7fcf02fb6700                  Options.enable_pipelined_write: 0
2018/09/11-10:45:26.945162 7fcf02fb6700         Options.allow_concurrent_memtable_write: 1
2018/09/11-10:45:26.945164 7fcf02fb6700      Options.enable_write_thread_adaptive_yield: 1
2018/09/11-10:45:26.945166 7fcf02fb6700             Options.write_thread_max_yield_usec: 100
2018/09/11-10:45:26.945168 7fcf02fb6700            Options.write_thread_slow_yield_usec: 3
2018/09/11-10:45:26.945170 7fcf02fb6700                               Options.row_cache: None
2018/09/11-10:45:26.945171 7fcf02fb6700                              Options.wal_filter: None
2018/09/11-10:45:26.945173 7fcf02fb6700             Options.avoid_flush_during_recovery: 0
2018/09/11-10:45:26.945175 7fcf02fb6700             Options.allow_ingest_behind: 0
2018/09/11-10:45:26.945177 7fcf02fb6700             Options.concurrent_prepare: 0
2018/09/11-10:45:26.945179 7fcf02fb6700             Options.manual_wal_flush: 0
2018/09/11-10:45:26.945181 7fcf02fb6700             Options.max_background_jobs: 2
2018/09/11-10:45:26.945183 7fcf02fb6700             Options.max_background_compactions: -1
2018/09/11-10:45:26.945185 7fcf02fb6700             Options.avoid_flush_during_shutdown: 0
2018/09/11-10:45:26.945187 7fcf02fb6700             Options.delayed_write_rate : 16777216
2018/09/11-10:45:26.945189 7fcf02fb6700             Options.max_total_wal_size: 0
2018/09/11-10:45:26.945191 7fcf02fb6700             Options.delete_obsolete_files_period_micros: 21600000000
2018/09/11-10:45:26.945193 7fcf02fb6700                   Options.stats_dump_period_sec: 600
2018/09/11-10:45:26.945195 7fcf02fb6700                          Options.max_open_files: -1
2018/09/11-10:45:26.945197 7fcf02fb6700 Compression algorithms supported:
2018/09/11-10:45:26.945199 7fcf02fb6700 	Snappy supported: 1
2018/09/11-10:45:26.945201 7fcf02fb6700 	Zlib supported: 1
2018/09/11-10:45:26.945203 7fcf02fb6700 	Bzip supported: 1
2018/09/11-10:45:26.945205 7fcf02fb6700 	LZ4 supported: 1
2018/09/11-10:45:26.945223 7fcf02fb6700 	ZSTD supported: 1
2018/09/11-10:45:26.945228 7fcf02fb6700 Fast CRC32 supported: 0
2018/09/11-10:45:26.945330 7fcf02fb6700 [db/db_impl_open.cc:216] Creating manifest 1 
2018/09/11-10:45:27.127258 7fcf02fb6700 [db/version_set.cc:2712] Recovering from manifest file: MANIFEST-000001
2018/09/11-10:45:27.127324 7fcf02fb6700 [db/column_family.cc:413] --------------- Options for column family [default]:
2018/09/11-10:45:27.127327 7fcf02fb6700               Options.comparator: leveldb.BytewiseComparator
2018/09/11-10:45:27.127329 7fcf02fb6700           Options.merge_operator: None
2018/09/11-10:45:27.127330 7fcf02fb6700        Options.compaction_filter: None
2018/09/11-10:45:27.127331 7fcf02fb6700        Options.compaction_filter_factory: None
2018/09/11-10:45:27.127333 7fcf02fb6700         Options.memtable_factory: SkipListFactory
2018/09/11-10:45:27.127334 7fcf02fb6700            Options.table_factory: BlockBasedTable
2018/09/11-10:45:27.127366 7fcf02fb6700            table_factory options:   flush_block_policy_factory: FlushBlockBySizePolicyFactory (0x7fcefc860ad0)
  cache_index_and_filter_blocks: 0
  cache_index_and_filter_blocks_with_high_priority: 0
  pin_l0_filter_and_index_blocks_in_cache: 0
  index_type: 2
  hash_index_allow_collision: 1
  checksum: 1
  no_block_cache: 0
  block_cache: 0x7fcefc82c458
  block_cache_name: LRUCache
  block_cache_options:
    capacity : 104857600
    num_shard_bits : 6
    strict_capacity_limit : 0
    high_pri_pool_ratio: 0.000
  block_cache_compressed: (nil)
  persistent_cache: (nil)
  block_size: 262144
  block_size_deviation: 10
  block_restart_interval: 16
  index_block_restart_interval: 1
  filter_policy: rocksdb.BuiltinBloomFilter
  whole_key_filtering: 1
  format_version: 0
2018/09/11-10:45:27.127372 7fcf02fb6700        Options.write_buffer_size: 52428800
2018/09/11-10:45:27.127374 7fcf02fb6700  Options.max_write_buffer_number: 2
2018/09/11-10:45:27.127392 7fcf02fb6700          Options.compression: Snappy
2018/09/11-10:45:27.127394 7fcf02fb6700                  Options.bottommost_compression: Disabled
2018/09/11-10:45:27.127396 7fcf02fb6700       Options.prefix_extractor: rocksdb.FixedPrefix.4
2018/09/11-10:45:27.127398 7fcf02fb6700   Options.memtable_insert_with_hint_prefix_extractor: nullptr
2018/09/11-10:45:27.127399 7fcf02fb6700             Options.num_levels: 7
2018/09/11-10:45:27.127400 7fcf02fb6700        Options.min_write_buffer_number_to_merge: 1
2018/09/11-10:45:27.127401 7fcf02fb6700     Options.max_write_buffer_number_to_maintain: 0
2018/09/11-10:45:27.127403 7fcf02fb6700            Options.compression_opts.window_bits: -14
2018/09/11-10:45:27.127404 7fcf02fb6700                  Options.compression_opts.level: -1
2018/09/11-10:45:27.127405 7fcf02fb6700               Options.compression_opts.strategy: 0
2018/09/11-10:45:27.127406 7fcf02fb6700         Options.compression_opts.max_dict_bytes: 0
2018/09/11-10:45:27.127407 7fcf02fb6700      Options.level0_file_num_compaction_trigger: 4
2018/09/11-10:45:27.127409 7fcf02fb6700          Options.level0_slowdown_writes_trigger: 20
2018/09/11-10:45:27.127410 7fcf02fb6700              Options.level0_stop_writes_trigger: 36
2018/09/11-10:45:27.127411 7fcf02fb6700                   Options.target_file_size_base: 67108864
2018/09/11-10:45:27.127412 7fcf02fb6700             Options.target_file_size_multiplier: 1
2018/09/11-10:45:27.127414 7fcf02fb6700                Options.max_bytes_for_level_base: 268435456
2018/09/11-10:45:27.127415 7fcf02fb6700 Options.level_compaction_dynamic_level_bytes: 0
2018/09/11-10:45:27.127416 7fcf02fb6700          Options.max_bytes_for_level_multiplier: 10.000000
2018/09/11-10:45:27.127419 7fcf02fb6700 Options.max_bytes_for_level_multiplier_addtl[0]: 1
2018/09/11-10:45:27.127420 7fcf02fb6700 Options.max_bytes_for_level_multiplier_addtl[1]: 1
2018/09/11-10:45:27.127422 7fcf02fb6700 Options.max_bytes_for_level_multiplier_addtl[2]: 1
2018/09/11-10:45:27.127423 7fcf02fb6700 Options.max_bytes_for_level_multiplier_addtl[3]: 1
2018/09/11-10:45:27.127424 7fcf02fb6700 Options.max_bytes_for_level_multiplier_addtl[4]: 1
2018/09/11-10:45:27.127425 7fcf02fb6700 Options.max_bytes_for_level_multiplier_addtl[5]: 1
2018/09/11-10:45:27.127427 7fcf02fb6700 Options.max_bytes_for_level_multiplier_addtl[6]: 1
2018/09/11-10:45:27.127428 7fcf02fb6700       Options.max_sequential_skip_in_iterations: 8
2018/09/11-10:45:27.127429 7fcf02fb6700                    Options.max_compaction_bytes: 1677721600
2018/09/11-10:45:27.127430 7fcf02fb6700                        Options.arena_block_size: 6553600
2018/09/11-10:45:27.127431 7fcf02fb6700   Options.soft_pending_compaction_bytes_limit: 68719476736
2018/09/11-10:45:27.127433 7fcf02fb6700   Options.hard_pending_compaction_bytes_limit: 274877906944
2018/09/11-10:45:27.127434 7fcf02fb6700       Options.rate_limit_delay_max_milliseconds: 100
2018/09/11-10:45:27.127435 7fcf02fb6700                Options.disable_auto_compactions: 0
2018/09/11-10:45:27.127437 7fcf02fb6700                        Options.compaction_style: kCompactionStyleLevel
2018/09/11-10:45:27.127439 7fcf02fb6700                          Options.compaction_pri: kByCompensatedSize
2018/09/11-10:45:27.127440 7fcf02fb6700 Options.compaction_options_universal.size_ratio: 1
2018/09/11-10:45:27.127441 7fcf02fb6700 Options.compaction_options_universal.min_merge_width: 2
2018/09/11-10:45:27.127442 7fcf02fb6700 Options.compaction_options_universal.max_merge_width: 4294967295
2018/09/11-10:45:27.127444 7fcf02fb6700 Options.compaction_options_universal.max_size_amplification_percent: 200
2018/09/11-10:45:27.127445 7fcf02fb6700 Options.compaction_options_universal.compression_size_percent: -1
2018/09/11-10:45:27.127446 7fcf02fb6700 Options.compaction_options_universal.stop_style: kCompactionStopStyleTotalSize
2018/09/11-10:45:27.127448 7fcf02fb6700 Options.compaction_options_fifo.max_table_files_size: 1073741824
2018/09/11-10:45:27.127449 7fcf02fb6700 Options.compaction_options_fifo.allow_compaction: 0
2018/09/11-10:45:27.127460 7fcf02fb6700 Options.compaction_options_fifo.ttl: 0
2018/09/11-10:45:27.127462 7fcf02fb6700                   Options.table_properties_collectors: 
2018/09/11-10:45:27.127464 7fcf02fb6700                   Options.inplace_update_support: 0
2018/09/11-10:45:27.127465 7fcf02fb6700                 Options.inplace_update_num_locks: 10000
2018/09/11-10:45:27.127466 7fcf02fb6700               Options.memtable_prefix_bloom_size_ratio: 0.000000
2018/09/11-10:45:27.127468 7fcf02fb6700   Options.memtable_huge_page_size: 0
2018/09/11-10:45:27.127469 7fcf02fb6700                           Options.bloom_locality: 0
2018/09/11-10:45:27.127470 7fcf02fb6700                    Options.max_successive_merges: 0
2018/09/11-10:45:27.127471 7fcf02fb6700                Options.optimize_filters_for_hits: 0
2018/09/11-10:45:27.127473 7fcf02fb6700                Options.paranoid_file_checks: 0
2018/09/11-10:45:27.127474 7fcf02fb6700                Options.force_consistency_checks: 0
2018/09/11-10:45:27.127475 7fcf02fb6700                Options.report_bg_io_stats: 0
2018/09/11-10:45:27.128328 7fcf02fb6700 [db/version_set.cc:2969] Recovered from manifest file:testDispose//tmp/rdbfactorytest101/MANIFEST-000001 succeeded,manifest_file_number is 1, next_file_number is 3, last_sequence is 0, log_number is 0,prev_log_number is 0,max_column_family is 0
2018/09/11-10:45:27.128333 7fcf02fb6700 [db/version_set.cc:2977] Column family [default] (ID 0), log number is 0
2018/09/11-10:45:27.252806 7fcf02fb6700 [db/db_impl_open.cc:1111] DB pointer 0x7fcefd4e1720
2018/09/11-10:47:21.087770 7fcecdec9700 [db/db_impl.cc:222] Shutdown: canceling all background work
2018/09/11-10:47:21.087863 7fcecdec9700 [db/db_impl.cc:348] Shutdown complete
