2018/09/11-10:45:23.845232 7fcf02fb6700 RocksDB version: 5.7.3
2018/09/11-10:45:23.845283 7fcf02fb6700 Git sha rocksdb_build_git_sha:
2018/09/11-10:45:23.845288 7fcf02fb6700 Compile date Sep  1 2017
2018/09/11-10:45:23.845291 7fcf02fb6700 DB SUMMARY
2018/09/11-10:45:23.845350 7fcf02fb6700 SST files in testDispose//tmp/rdbfactorytest93 dir, Total Num: 0, files: 
2018/09/11-10:45:23.845355 7fcf02fb6700 Write Ahead Log file in testDispose//tmp/rdbfactorytest93: 
2018/09/11-10:45:23.845359 7fcf02fb6700                         Options.error_if_exists: 0
2018/09/11-10:45:23.845361 7fcf02fb6700                       Options.create_if_missing: 1
2018/09/11-10:45:23.845364 7fcf02fb6700                         Options.paranoid_checks: 1
2018/09/11-10:45:23.845366 7fcf02fb6700                                     Options.env: 0x7fceceb59880
2018/09/11-10:45:23.845368 7fcf02fb6700                                Options.info_log: 0x7fcefd3d6180
2018/09/11-10:45:23.845370 7fcf02fb6700                Options.max_file_opening_threads: 16
2018/09/11-10:45:23.845372 7fcf02fb6700                               Options.use_fsync: 0
2018/09/11-10:45:23.845374 7fcf02fb6700                       Options.max_log_file_size: 0
2018/09/11-10:45:23.845376 7fcf02fb6700                  Options.max_manifest_file_size: 18446744073709551615
2018/09/11-10:45:23.845379 7fcf02fb6700                   Options.log_file_time_to_roll: 0
2018/09/11-10:45:23.845381 7fcf02fb6700                       Options.keep_log_file_num: 1000
2018/09/11-10:45:23.845383 7fcf02fb6700                    Options.recycle_log_file_num: 0
2018/09/11-10:45:23.845385 7fcf02fb6700                         Options.allow_fallocate: 1
2018/09/11-10:45:23.845387 7fcf02fb6700                        Options.allow_mmap_reads: 0
2018/09/11-10:45:23.845389 7fcf02fb6700                       Options.allow_mmap_writes: 0
2018/09/11-10:45:23.845391 7fcf02fb6700                        Options.use_direct_reads: 0
2018/09/11-10:45:23.845393 7fcf02fb6700                        Options.use_direct_io_for_flush_and_compaction: 0
2018/09/11-10:45:23.845395 7fcf02fb6700          Options.create_missing_column_families: 0
2018/09/11-10:45:23.845397 7fcf02fb6700                              Options.db_log_dir: 
2018/09/11-10:45:23.845399 7fcf02fb6700                                 Options.wal_dir: testDispose//tmp/rdbfactorytest93
2018/09/11-10:45:23.845401 7fcf02fb6700                Options.table_cache_numshardbits: 6
2018/09/11-10:45:23.845403 7fcf02fb6700                      Options.max_subcompactions: 1
2018/09/11-10:45:23.845406 7fcf02fb6700                  Options.max_background_flushes: -1
2018/09/11-10:45:23.845408 7fcf02fb6700                         Options.WAL_ttl_seconds: 0
2018/09/11-10:45:23.845410 7fcf02fb6700                       Options.WAL_size_limit_MB: 0
2018/09/11-10:45:23.845412 7fcf02fb6700             Options.manifest_preallocation_size: 4194304
2018/09/11-10:45:23.845414 7fcf02fb6700                     Options.is_fd_close_on_exec: 1
2018/09/11-10:45:23.845416 7fcf02fb6700                   Options.advise_random_on_open: 1
2018/09/11-10:45:23.845418 7fcf02fb6700                    Options.db_write_buffer_size: 0
2018/09/11-10:45:23.845420 7fcf02fb6700         Options.access_hint_on_compaction_start: 1
2018/09/11-10:45:23.845422 7fcf02fb6700  Options.new_table_reader_for_compaction_inputs: 0
2018/09/11-10:45:23.845424 7fcf02fb6700               Options.compaction_readahead_size: 0
2018/09/11-10:45:23.845426 7fcf02fb6700           Options.random_access_max_buffer_size: 1048576
2018/09/11-10:45:23.845428 7fcf02fb6700           Options.writable_file_max_buffer_size: 1048576
2018/09/11-10:45:23.845430 7fcf02fb6700                      Options.use_adaptive_mutex: 0
2018/09/11-10:45:23.845433 7fcf02fb6700                            Options.rate_limiter: (nil)
2018/09/11-10:45:23.845435 7fcf02fb6700     Options.sst_file_manager.rate_bytes_per_sec: 0
2018/09/11-10:45:23.845437 7fcf02fb6700                          Options.bytes_per_sync: 0
2018/09/11-10:45:23.845439 7fcf02fb6700                      Options.wal_bytes_per_sync: 0
2018/09/11-10:45:23.845441 7fcf02fb6700                       Options.wal_recovery_mode: 2
2018/09/11-10:45:23.845463 7fcf02fb6700                  Options.enable_thread_tracking: 0
2018/09/11-10:45:23.845467 7fcf02fb6700                  Options.enable_pipelined_write: 0
2018/09/11-10:45:23.845469 7fcf02fb6700         Options.allow_concurrent_memtable_write: 1
2018/09/11-10:45:23.845471 7fcf02fb6700      Options.enable_write_thread_adaptive_yield: 1
2018/09/11-10:45:23.845473 7fcf02fb6700             Options.write_thread_max_yield_usec: 100
2018/09/11-10:45:23.845475 7fcf02fb6700            Options.write_thread_slow_yield_usec: 3
2018/09/11-10:45:23.845477 7fcf02fb6700                               Options.row_cache: None
2018/09/11-10:45:23.845479 7fcf02fb6700                              Options.wal_filter: None
2018/09/11-10:45:23.845481 7fcf02fb6700             Options.avoid_flush_during_recovery: 0
2018/09/11-10:45:23.845484 7fcf02fb6700             Options.allow_ingest_behind: 0
2018/09/11-10:45:23.845486 7fcf02fb6700             Options.concurrent_prepare: 0
2018/09/11-10:45:23.845488 7fcf02fb6700             Options.manual_wal_flush: 0
2018/09/11-10:45:23.845490 7fcf02fb6700             Options.max_background_jobs: 2
2018/09/11-10:45:23.845492 7fcf02fb6700             Options.max_background_compactions: -1
2018/09/11-10:45:23.845495 7fcf02fb6700             Options.avoid_flush_during_shutdown: 0
2018/09/11-10:45:23.845497 7fcf02fb6700             Options.delayed_write_rate : 16777216
2018/09/11-10:45:23.845499 7fcf02fb6700             Options.max_total_wal_size: 0
2018/09/11-10:45:23.845501 7fcf02fb6700             Options.delete_obsolete_files_period_micros: 21600000000
2018/09/11-10:45:23.845503 7fcf02fb6700                   Options.stats_dump_period_sec: 600
2018/09/11-10:45:23.845506 7fcf02fb6700                          Options.max_open_files: -1
2018/09/11-10:45:23.845508 7fcf02fb6700 Compression algorithms supported:
2018/09/11-10:45:23.845509 7fcf02fb6700 	Snappy supported: 1
2018/09/11-10:45:23.845511 7fcf02fb6700 	Zlib supported: 1
2018/09/11-10:45:23.845513 7fcf02fb6700 	Bzip supported: 1
2018/09/11-10:45:23.845515 7fcf02fb6700 	LZ4 supported: 1
2018/09/11-10:45:23.845517 7fcf02fb6700 	ZSTD supported: 1
2018/09/11-10:45:23.845519 7fcf02fb6700 Fast CRC32 supported: 0
2018/09/11-10:45:23.845648 7fcf02fb6700 [db/db_impl_open.cc:216] Creating manifest 1 
2018/09/11-10:45:24.034522 7fcf02fb6700 [db/version_set.cc:2712] Recovering from manifest file: MANIFEST-000001
2018/09/11-10:45:24.034633 7fcf02fb6700 [db/column_family.cc:413] --------------- Options for column family [default]:
2018/09/11-10:45:24.034639 7fcf02fb6700               Options.comparator: leveldb.BytewiseComparator
2018/09/11-10:45:24.034642 7fcf02fb6700           Options.merge_operator: None
2018/09/11-10:45:24.034645 7fcf02fb6700        Options.compaction_filter: None
2018/09/11-10:45:24.034647 7fcf02fb6700        Options.compaction_filter_factory: None
2018/09/11-10:45:24.034649 7fcf02fb6700         Options.memtable_factory: SkipListFactory
2018/09/11-10:45:24.034651 7fcf02fb6700            Options.table_factory: BlockBasedTable
2018/09/11-10:45:24.034701 7fcf02fb6700            table_factory options:   flush_block_policy_factory: FlushBlockBySizePolicyFactory (0x7fcefc860ad0)
  cache_index_and_filter_blocks: 0
  cache_index_and_filter_blocks_with_high_priority: 0
  pin_l0_filter_and_index_blocks_in_cache: 0
  index_type: 2
  hash_index_allow_collision: 1
  checksum: 1
  no_block_cache: 0
  block_cache: 0x7fcefc82c458
  block_cache_name: LRUCache
  block_cache_options:
    capacity : 104857600
    num_shard_bits : 6
    strict_capacity_limit : 0
    high_pri_pool_ratio: 0.000
  block_cache_compressed: (nil)
  persistent_cache: (nil)
  block_size: 262144
  block_size_deviation: 10
  block_restart_interval: 16
  index_block_restart_interval: 1
  filter_policy: rocksdb.BuiltinBloomFilter
  whole_key_filtering: 1
  format_version: 0
2018/09/11-10:45:24.034707 7fcf02fb6700        Options.write_buffer_size: 52428800
2018/09/11-10:45:24.034709 7fcf02fb6700  Options.max_write_buffer_number: 2
2018/09/11-10:45:24.034742 7fcf02fb6700          Options.compression: Snappy
2018/09/11-10:45:24.034746 7fcf02fb6700                  Options.bottommost_compression: Disabled
2018/09/11-10:45:24.034749 7fcf02fb6700       Options.prefix_extractor: rocksdb.FixedPrefix.4
2018/09/11-10:45:24.034751 7fcf02fb6700   Options.memtable_insert_with_hint_prefix_extractor: nullptr
2018/09/11-10:45:24.034753 7fcf02fb6700             Options.num_levels: 7
2018/09/11-10:45:24.034756 7fcf02fb6700        Options.min_write_buffer_number_to_merge: 1
2018/09/11-10:45:24.034758 7fcf02fb6700     Options.max_write_buffer_number_to_maintain: 0
2018/09/11-10:45:24.034760 7fcf02fb6700            Options.compression_opts.window_bits: -14
2018/09/11-10:45:24.034762 7fcf02fb6700                  Options.compression_opts.level: -1
2018/09/11-10:45:24.034764 7fcf02fb6700               Options.compression_opts.strategy: 0
2018/09/11-10:45:24.034766 7fcf02fb6700         Options.compression_opts.max_dict_bytes: 0
2018/09/11-10:45:24.034769 7fcf02fb6700      Options.level0_file_num_compaction_trigger: 4
2018/09/11-10:45:24.034771 7fcf02fb6700          Options.level0_slowdown_writes_trigger: 20
2018/09/11-10:45:24.034773 7fcf02fb6700              Options.level0_stop_writes_trigger: 36
2018/09/11-10:45:24.034775 7fcf02fb6700                   Options.target_file_size_base: 67108864
2018/09/11-10:45:24.034777 7fcf02fb6700             Options.target_file_size_multiplier: 1
2018/09/11-10:45:24.034779 7fcf02fb6700                Options.max_bytes_for_level_base: 268435456
2018/09/11-10:45:24.034782 7fcf02fb6700 Options.level_compaction_dynamic_level_bytes: 0
2018/09/11-10:45:24.034784 7fcf02fb6700          Options.max_bytes_for_level_multiplier: 10.000000
2018/09/11-10:45:24.034789 7fcf02fb6700 Options.max_bytes_for_level_multiplier_addtl[0]: 1
2018/09/11-10:45:24.034791 7fcf02fb6700 Options.max_bytes_for_level_multiplier_addtl[1]: 1
2018/09/11-10:45:24.034794 7fcf02fb6700 Options.max_bytes_for_level_multiplier_addtl[2]: 1
2018/09/11-10:45:24.034796 7fcf02fb6700 Options.max_bytes_for_level_multiplier_addtl[3]: 1
2018/09/11-10:45:24.034798 7fcf02fb6700 Options.max_bytes_for_level_multiplier_addtl[4]: 1
2018/09/11-10:45:24.034800 7fcf02fb6700 Options.max_bytes_for_level_multiplier_addtl[5]: 1
2018/09/11-10:45:24.034802 7fcf02fb6700 Options.max_bytes_for_level_multiplier_addtl[6]: 1
2018/09/11-10:45:24.034804 7fcf02fb6700       Options.max_sequential_skip_in_iterations: 8
2018/09/11-10:45:24.034806 7fcf02fb6700                    Options.max_compaction_bytes: 1677721600
2018/09/11-10:45:24.034809 7fcf02fb6700                        Options.arena_block_size: 6553600
2018/09/11-10:45:24.034811 7fcf02fb6700   Options.soft_pending_compaction_bytes_limit: 68719476736
2018/09/11-10:45:24.034813 7fcf02fb6700   Options.hard_pending_compaction_bytes_limit: 274877906944
2018/09/11-10:45:24.034816 7fcf02fb6700       Options.rate_limit_delay_max_milliseconds: 100
2018/09/11-10:45:24.034818 7fcf02fb6700                Options.disable_auto_compactions: 0
2018/09/11-10:45:24.034820 7fcf02fb6700                        Options.compaction_style: kCompactionStyleLevel
2018/09/11-10:45:24.034823 7fcf02fb6700                          Options.compaction_pri: kByCompensatedSize
2018/09/11-10:45:24.034825 7fcf02fb6700 Options.compaction_options_universal.size_ratio: 1
2018/09/11-10:45:24.034827 7fcf02fb6700 Options.compaction_options_universal.min_merge_width: 2
2018/09/11-10:45:24.034830 7fcf02fb6700 Options.compaction_options_universal.max_merge_width: 4294967295
2018/09/11-10:45:24.034833 7fcf02fb6700 Options.compaction_options_universal.max_size_amplification_percent: 200
2018/09/11-10:45:24.034837 7fcf02fb6700 Options.compaction_options_universal.compression_size_percent: -1
2018/09/11-10:45:24.034841 7fcf02fb6700 Options.compaction_options_universal.stop_style: kCompactionStopStyleTotalSize
2018/09/11-10:45:24.034844 7fcf02fb6700 Options.compaction_options_fifo.max_table_files_size: 1073741824
2018/09/11-10:45:24.034847 7fcf02fb6700 Options.compaction_options_fifo.allow_compaction: 0
2018/09/11-10:45:24.034874 7fcf02fb6700 Options.compaction_options_fifo.ttl: 0
2018/09/11-10:45:24.034880 7fcf02fb6700                   Options.table_properties_collectors: 
2018/09/11-10:45:24.034884 7fcf02fb6700                   Options.inplace_update_support: 0
2018/09/11-10:45:24.034887 7fcf02fb6700                 Options.inplace_update_num_locks: 10000
2018/09/11-10:45:24.034890 7fcf02fb6700               Options.memtable_prefix_bloom_size_ratio: 0.000000
2018/09/11-10:45:24.034895 7fcf02fb6700   Options.memtable_huge_page_size: 0
2018/09/11-10:45:24.034899 7fcf02fb6700                           Options.bloom_locality: 0
2018/09/11-10:45:24.034902 7fcf02fb6700                    Options.max_successive_merges: 0
2018/09/11-10:45:24.034906 7fcf02fb6700                Options.optimize_filters_for_hits: 0
2018/09/11-10:45:24.034910 7fcf02fb6700                Options.paranoid_file_checks: 0
2018/09/11-10:45:24.034912 7fcf02fb6700                Options.force_consistency_checks: 0
2018/09/11-10:45:24.034914 7fcf02fb6700                Options.report_bg_io_stats: 0
2018/09/11-10:45:24.036182 7fcf02fb6700 [db/version_set.cc:2969] Recovered from manifest file:testDispose//tmp/rdbfactorytest93/MANIFEST-000001 succeeded,manifest_file_number is 1, next_file_number is 3, last_sequence is 0, log_number is 0,prev_log_number is 0,max_column_family is 0
2018/09/11-10:45:24.036189 7fcf02fb6700 [db/version_set.cc:2977] Column family [default] (ID 0), log number is 0
2018/09/11-10:45:24.169901 7fcf02fb6700 [db/db_impl_open.cc:1111] DB pointer 0x7fcefd3d53d0
2018/09/11-10:46:31.341475 7fcf02fb6700 [db/db_impl.cc:222] Shutdown: canceling all background work
2018/09/11-10:46:31.341613 7fcf02fb6700 [db/db_impl.cc:348] Shutdown complete
