2018/09/24-08:42:25.225931 7f6520ea5700 RocksDB version: 5.7.3
2018/09/24-08:42:25.225973 7f6520ea5700 Git sha rocksdb_build_git_sha:
2018/09/24-08:42:25.225977 7f6520ea5700 Compile date Sep  1 2017
2018/09/24-08:42:25.225979 7f6520ea5700 DB SUMMARY
2018/09/24-08:42:25.226018 7f6520ea5700 SST files in testDispose//tmp/rdbfactorytest256 dir, Total Num: 0, files: 
2018/09/24-08:42:25.226022 7f6520ea5700 Write Ahead Log file in testDispose//tmp/rdbfactorytest256: 
2018/09/24-08:42:25.226025 7f6520ea5700                         Options.error_if_exists: 0
2018/09/24-08:42:25.226027 7f6520ea5700                       Options.create_if_missing: 1
2018/09/24-08:42:25.226029 7f6520ea5700                         Options.paranoid_checks: 1
2018/09/24-08:42:25.226030 7f6520ea5700                                     Options.env: 0x7f64eca48880
2018/09/24-08:42:25.226032 7f6520ea5700                                Options.info_log: 0x7f651926c3f0
2018/09/24-08:42:25.226034 7f6520ea5700                Options.max_file_opening_threads: 16
2018/09/24-08:42:25.226035 7f6520ea5700                               Options.use_fsync: 0
2018/09/24-08:42:25.226037 7f6520ea5700                       Options.max_log_file_size: 0
2018/09/24-08:42:25.226039 7f6520ea5700                  Options.max_manifest_file_size: 18446744073709551615
2018/09/24-08:42:25.226040 7f6520ea5700                   Options.log_file_time_to_roll: 0
2018/09/24-08:42:25.226042 7f6520ea5700                       Options.keep_log_file_num: 1000
2018/09/24-08:42:25.226044 7f6520ea5700                    Options.recycle_log_file_num: 0
2018/09/24-08:42:25.226045 7f6520ea5700                         Options.allow_fallocate: 1
2018/09/24-08:42:25.226047 7f6520ea5700                        Options.allow_mmap_reads: 0
2018/09/24-08:42:25.226048 7f6520ea5700                       Options.allow_mmap_writes: 0
2018/09/24-08:42:25.226050 7f6520ea5700                        Options.use_direct_reads: 0
2018/09/24-08:42:25.226051 7f6520ea5700                        Options.use_direct_io_for_flush_and_compaction: 0
2018/09/24-08:42:25.226053 7f6520ea5700          Options.create_missing_column_families: 0
2018/09/24-08:42:25.226055 7f6520ea5700                              Options.db_log_dir: 
2018/09/24-08:42:25.226056 7f6520ea5700                                 Options.wal_dir: testDispose//tmp/rdbfactorytest256
2018/09/24-08:42:25.226058 7f6520ea5700                Options.table_cache_numshardbits: 6
2018/09/24-08:42:25.226059 7f6520ea5700                      Options.max_subcompactions: 1
2018/09/24-08:42:25.226061 7f6520ea5700                  Options.max_background_flushes: -1
2018/09/24-08:42:25.226063 7f6520ea5700                         Options.WAL_ttl_seconds: 0
2018/09/24-08:42:25.226064 7f6520ea5700                       Options.WAL_size_limit_MB: 0
2018/09/24-08:42:25.226066 7f6520ea5700             Options.manifest_preallocation_size: 4194304
2018/09/24-08:42:25.226067 7f6520ea5700                     Options.is_fd_close_on_exec: 1
2018/09/24-08:42:25.226069 7f6520ea5700                   Options.advise_random_on_open: 1
2018/09/24-08:42:25.226070 7f6520ea5700                    Options.db_write_buffer_size: 0
2018/09/24-08:42:25.226072 7f6520ea5700         Options.access_hint_on_compaction_start: 1
2018/09/24-08:42:25.226074 7f6520ea5700  Options.new_table_reader_for_compaction_inputs: 0
2018/09/24-08:42:25.226075 7f6520ea5700               Options.compaction_readahead_size: 0
2018/09/24-08:42:25.226077 7f6520ea5700           Options.random_access_max_buffer_size: 1048576
2018/09/24-08:42:25.226078 7f6520ea5700           Options.writable_file_max_buffer_size: 1048576
2018/09/24-08:42:25.226080 7f6520ea5700                      Options.use_adaptive_mutex: 0
2018/09/24-08:42:25.226081 7f6520ea5700                            Options.rate_limiter: (nil)
2018/09/24-08:42:25.226083 7f6520ea5700     Options.sst_file_manager.rate_bytes_per_sec: 0
2018/09/24-08:42:25.226085 7f6520ea5700                          Options.bytes_per_sync: 0
2018/09/24-08:42:25.226086 7f6520ea5700                      Options.wal_bytes_per_sync: 0
2018/09/24-08:42:25.226088 7f6520ea5700                       Options.wal_recovery_mode: 2
2018/09/24-08:42:25.226107 7f6520ea5700                  Options.enable_thread_tracking: 0
2018/09/24-08:42:25.226110 7f6520ea5700                  Options.enable_pipelined_write: 0
2018/09/24-08:42:25.226111 7f6520ea5700         Options.allow_concurrent_memtable_write: 1
2018/09/24-08:42:25.226113 7f6520ea5700      Options.enable_write_thread_adaptive_yield: 1
2018/09/24-08:42:25.226114 7f6520ea5700             Options.write_thread_max_yield_usec: 100
2018/09/24-08:42:25.226116 7f6520ea5700            Options.write_thread_slow_yield_usec: 3
2018/09/24-08:42:25.226118 7f6520ea5700                               Options.row_cache: None
2018/09/24-08:42:25.226119 7f6520ea5700                              Options.wal_filter: None
2018/09/24-08:42:25.226121 7f6520ea5700             Options.avoid_flush_during_recovery: 0
2018/09/24-08:42:25.226123 7f6520ea5700             Options.allow_ingest_behind: 0
2018/09/24-08:42:25.226124 7f6520ea5700             Options.concurrent_prepare: 0
2018/09/24-08:42:25.226126 7f6520ea5700             Options.manual_wal_flush: 0
2018/09/24-08:42:25.226128 7f6520ea5700             Options.max_background_jobs: 2
2018/09/24-08:42:25.226129 7f6520ea5700             Options.max_background_compactions: -1
2018/09/24-08:42:25.226131 7f6520ea5700             Options.avoid_flush_during_shutdown: 0
2018/09/24-08:42:25.226132 7f6520ea5700             Options.delayed_write_rate : 16777216
2018/09/24-08:42:25.226134 7f6520ea5700             Options.max_total_wal_size: 0
2018/09/24-08:42:25.226136 7f6520ea5700             Options.delete_obsolete_files_period_micros: 21600000000
2018/09/24-08:42:25.226138 7f6520ea5700                   Options.stats_dump_period_sec: 600
2018/09/24-08:42:25.226139 7f6520ea5700                          Options.max_open_files: -1
2018/09/24-08:42:25.226141 7f6520ea5700 Compression algorithms supported:
2018/09/24-08:42:25.226143 7f6520ea5700 	Snappy supported: 1
2018/09/24-08:42:25.226144 7f6520ea5700 	Zlib supported: 1
2018/09/24-08:42:25.226146 7f6520ea5700 	Bzip supported: 1
2018/09/24-08:42:25.226147 7f6520ea5700 	LZ4 supported: 1
2018/09/24-08:42:25.226149 7f6520ea5700 	ZSTD supported: 1
2018/09/24-08:42:25.226151 7f6520ea5700 Fast CRC32 supported: 0
2018/09/24-08:42:25.226272 7f6520ea5700 [db/db_impl_open.cc:216] Creating manifest 1 
2018/09/24-08:42:25.374627 7f6520ea5700 [db/version_set.cc:2712] Recovering from manifest file: MANIFEST-000001
2018/09/24-08:42:25.374707 7f6520ea5700 [db/column_family.cc:413] --------------- Options for column family [default]:
2018/09/24-08:42:25.374712 7f6520ea5700               Options.comparator: leveldb.BytewiseComparator
2018/09/24-08:42:25.374714 7f6520ea5700           Options.merge_operator: None
2018/09/24-08:42:25.374716 7f6520ea5700        Options.compaction_filter: None
2018/09/24-08:42:25.374718 7f6520ea5700        Options.compaction_filter_factory: None
2018/09/24-08:42:25.374720 7f6520ea5700         Options.memtable_factory: SkipListFactory
2018/09/24-08:42:25.374723 7f6520ea5700            Options.table_factory: BlockBasedTable
2018/09/24-08:42:25.374761 7f6520ea5700            table_factory options:   flush_block_policy_factory: FlushBlockBySizePolicyFactory (0x7f651885eec0)
  cache_index_and_filter_blocks: 0
  cache_index_and_filter_blocks_with_high_priority: 0
  pin_l0_filter_and_index_blocks_in_cache: 0
  index_type: 2
  hash_index_allow_collision: 1
  checksum: 1
  no_block_cache: 0
  block_cache: 0x7f651885c9b8
  block_cache_name: LRUCache
  block_cache_options:
    capacity : 104857600
    num_shard_bits : 6
    strict_capacity_limit : 0
    high_pri_pool_ratio: 0.000
  block_cache_compressed: (nil)
  persistent_cache: (nil)
  block_size: 262144
  block_size_deviation: 10
  block_restart_interval: 16
  index_block_restart_interval: 1
  filter_policy: rocksdb.BuiltinBloomFilter
  whole_key_filtering: 1
  format_version: 0
2018/09/24-08:42:25.374766 7f6520ea5700        Options.write_buffer_size: 52428800
2018/09/24-08:42:25.374769 7f6520ea5700  Options.max_write_buffer_number: 2
2018/09/24-08:42:25.374796 7f6520ea5700          Options.compression: Snappy
2018/09/24-08:42:25.374800 7f6520ea5700                  Options.bottommost_compression: Disabled
2018/09/24-08:42:25.374803 7f6520ea5700       Options.prefix_extractor: rocksdb.FixedPrefix.4
2018/09/24-08:42:25.374805 7f6520ea5700   Options.memtable_insert_with_hint_prefix_extractor: nullptr
2018/09/24-08:42:25.374807 7f6520ea5700             Options.num_levels: 7
2018/09/24-08:42:25.374809 7f6520ea5700        Options.min_write_buffer_number_to_merge: 1
2018/09/24-08:42:25.374811 7f6520ea5700     Options.max_write_buffer_number_to_maintain: 0
2018/09/24-08:42:25.374812 7f6520ea5700            Options.compression_opts.window_bits: -14
2018/09/24-08:42:25.374814 7f6520ea5700                  Options.compression_opts.level: -1
2018/09/24-08:42:25.374816 7f6520ea5700               Options.compression_opts.strategy: 0
2018/09/24-08:42:25.374818 7f6520ea5700         Options.compression_opts.max_dict_bytes: 0
2018/09/24-08:42:25.374820 7f6520ea5700      Options.level0_file_num_compaction_trigger: 4
2018/09/24-08:42:25.374822 7f6520ea5700          Options.level0_slowdown_writes_trigger: 20
2018/09/24-08:42:25.374824 7f6520ea5700              Options.level0_stop_writes_trigger: 36
2018/09/24-08:42:25.374826 7f6520ea5700                   Options.target_file_size_base: 67108864
2018/09/24-08:42:25.374828 7f6520ea5700             Options.target_file_size_multiplier: 1
2018/09/24-08:42:25.374830 7f6520ea5700                Options.max_bytes_for_level_base: 268435456
2018/09/24-08:42:25.374832 7f6520ea5700 Options.level_compaction_dynamic_level_bytes: 0
2018/09/24-08:42:25.374834 7f6520ea5700          Options.max_bytes_for_level_multiplier: 10.000000
2018/09/24-08:42:25.374838 7f6520ea5700 Options.max_bytes_for_level_multiplier_addtl[0]: 1
2018/09/24-08:42:25.374841 7f6520ea5700 Options.max_bytes_for_level_multiplier_addtl[1]: 1
2018/09/24-08:42:25.374843 7f6520ea5700 Options.max_bytes_for_level_multiplier_addtl[2]: 1
2018/09/24-08:42:25.374845 7f6520ea5700 Options.max_bytes_for_level_multiplier_addtl[3]: 1
2018/09/24-08:42:25.374846 7f6520ea5700 Options.max_bytes_for_level_multiplier_addtl[4]: 1
2018/09/24-08:42:25.374848 7f6520ea5700 Options.max_bytes_for_level_multiplier_addtl[5]: 1
2018/09/24-08:42:25.374850 7f6520ea5700 Options.max_bytes_for_level_multiplier_addtl[6]: 1
2018/09/24-08:42:25.374852 7f6520ea5700       Options.max_sequential_skip_in_iterations: 8
2018/09/24-08:42:25.374854 7f6520ea5700                    Options.max_compaction_bytes: 1677721600
2018/09/24-08:42:25.374856 7f6520ea5700                        Options.arena_block_size: 6553600
2018/09/24-08:42:25.374858 7f6520ea5700   Options.soft_pending_compaction_bytes_limit: 68719476736
2018/09/24-08:42:25.374860 7f6520ea5700   Options.hard_pending_compaction_bytes_limit: 274877906944
2018/09/24-08:42:25.374862 7f6520ea5700       Options.rate_limit_delay_max_milliseconds: 100
2018/09/24-08:42:25.374864 7f6520ea5700                Options.disable_auto_compactions: 0
2018/09/24-08:42:25.374867 7f6520ea5700                        Options.compaction_style: kCompactionStyleLevel
2018/09/24-08:42:25.374869 7f6520ea5700                          Options.compaction_pri: kByCompensatedSize
2018/09/24-08:42:25.374871 7f6520ea5700 Options.compaction_options_universal.size_ratio: 1
2018/09/24-08:42:25.374873 7f6520ea5700 Options.compaction_options_universal.min_merge_width: 2
2018/09/24-08:42:25.374875 7f6520ea5700 Options.compaction_options_universal.max_merge_width: 4294967295
2018/09/24-08:42:25.374877 7f6520ea5700 Options.compaction_options_universal.max_size_amplification_percent: 200
2018/09/24-08:42:25.374879 7f6520ea5700 Options.compaction_options_universal.compression_size_percent: -1
2018/09/24-08:42:25.374881 7f6520ea5700 Options.compaction_options_universal.stop_style: kCompactionStopStyleTotalSize
2018/09/24-08:42:25.374883 7f6520ea5700 Options.compaction_options_fifo.max_table_files_size: 1073741824
2018/09/24-08:42:25.374885 7f6520ea5700 Options.compaction_options_fifo.allow_compaction: 0
2018/09/24-08:42:25.374903 7f6520ea5700 Options.compaction_options_fifo.ttl: 0
2018/09/24-08:42:25.374907 7f6520ea5700                   Options.table_properties_collectors: 
2018/09/24-08:42:25.374909 7f6520ea5700                   Options.inplace_update_support: 0
2018/09/24-08:42:25.374910 7f6520ea5700                 Options.inplace_update_num_locks: 10000
2018/09/24-08:42:25.374912 7f6520ea5700               Options.memtable_prefix_bloom_size_ratio: 0.000000
2018/09/24-08:42:25.374915 7f6520ea5700   Options.memtable_huge_page_size: 0
2018/09/24-08:42:25.374917 7f6520ea5700                           Options.bloom_locality: 0
2018/09/24-08:42:25.374919 7f6520ea5700                    Options.max_successive_merges: 0
2018/09/24-08:42:25.374921 7f6520ea5700                Options.optimize_filters_for_hits: 0
2018/09/24-08:42:25.374923 7f6520ea5700                Options.paranoid_file_checks: 0
2018/09/24-08:42:25.374925 7f6520ea5700                Options.force_consistency_checks: 0
2018/09/24-08:42:25.374926 7f6520ea5700                Options.report_bg_io_stats: 0
2018/09/24-08:42:25.375963 7f6520ea5700 [db/version_set.cc:2969] Recovered from manifest file:testDispose//tmp/rdbfactorytest256/MANIFEST-000001 succeeded,manifest_file_number is 1, next_file_number is 3, last_sequence is 0, log_number is 0,prev_log_number is 0,max_column_family is 0
2018/09/24-08:42:25.375971 7f6520ea5700 [db/version_set.cc:2977] Column family [default] (ID 0), log number is 0
2018/09/24-08:42:25.483610 7f6520ea5700 [db/db_impl_open.cc:1111] DB pointer 0x7f65192acba0
2018/09/24-08:43:11.048405 7f64d81b8700 [db/db_impl.cc:222] Shutdown: canceling all background work
2018/09/24-08:43:11.048527 7f64d81b8700 [db/db_impl.cc:348] Shutdown complete
