2018/09/24-06:38:22.530214 7f5a32fe6700 RocksDB version: 5.7.3
2018/09/24-06:38:22.530255 7f5a32fe6700 Git sha rocksdb_build_git_sha:
2018/09/24-06:38:22.530260 7f5a32fe6700 Compile date Sep  1 2017
2018/09/24-06:38:22.530264 7f5a32fe6700 DB SUMMARY
2018/09/24-06:38:22.530315 7f5a32fe6700 SST files in testDispose//tmp/rdbfactorytest337 dir, Total Num: 0, files: 
2018/09/24-06:38:22.530320 7f5a32fe6700 Write Ahead Log file in testDispose//tmp/rdbfactorytest337: 
2018/09/24-06:38:22.530323 7f5a32fe6700                         Options.error_if_exists: 0
2018/09/24-06:38:22.530325 7f5a32fe6700                       Options.create_if_missing: 1
2018/09/24-06:38:22.530327 7f5a32fe6700                         Options.paranoid_checks: 1
2018/09/24-06:38:22.530329 7f5a32fe6700                                     Options.env: 0x7f59daf89880
2018/09/24-06:38:22.530331 7f5a32fe6700                                Options.info_log: 0x7f5a2e6ca730
2018/09/24-06:38:22.530333 7f5a32fe6700                Options.max_file_opening_threads: 16
2018/09/24-06:38:22.530335 7f5a32fe6700                               Options.use_fsync: 0
2018/09/24-06:38:22.530337 7f5a32fe6700                       Options.max_log_file_size: 0
2018/09/24-06:38:22.530338 7f5a32fe6700                  Options.max_manifest_file_size: 18446744073709551615
2018/09/24-06:38:22.530340 7f5a32fe6700                   Options.log_file_time_to_roll: 0
2018/09/24-06:38:22.530342 7f5a32fe6700                       Options.keep_log_file_num: 1000
2018/09/24-06:38:22.530344 7f5a32fe6700                    Options.recycle_log_file_num: 0
2018/09/24-06:38:22.530346 7f5a32fe6700                         Options.allow_fallocate: 1
2018/09/24-06:38:22.530348 7f5a32fe6700                        Options.allow_mmap_reads: 0
2018/09/24-06:38:22.530349 7f5a32fe6700                       Options.allow_mmap_writes: 0
2018/09/24-06:38:22.530351 7f5a32fe6700                        Options.use_direct_reads: 0
2018/09/24-06:38:22.530353 7f5a32fe6700                        Options.use_direct_io_for_flush_and_compaction: 0
2018/09/24-06:38:22.530355 7f5a32fe6700          Options.create_missing_column_families: 0
2018/09/24-06:38:22.530356 7f5a32fe6700                              Options.db_log_dir: 
2018/09/24-06:38:22.530358 7f5a32fe6700                                 Options.wal_dir: testDispose//tmp/rdbfactorytest337
2018/09/24-06:38:22.530360 7f5a32fe6700                Options.table_cache_numshardbits: 6
2018/09/24-06:38:22.530362 7f5a32fe6700                      Options.max_subcompactions: 1
2018/09/24-06:38:22.530364 7f5a32fe6700                  Options.max_background_flushes: -1
2018/09/24-06:38:22.530365 7f5a32fe6700                         Options.WAL_ttl_seconds: 0
2018/09/24-06:38:22.530367 7f5a32fe6700                       Options.WAL_size_limit_MB: 0
2018/09/24-06:38:22.530369 7f5a32fe6700             Options.manifest_preallocation_size: 4194304
2018/09/24-06:38:22.530371 7f5a32fe6700                     Options.is_fd_close_on_exec: 1
2018/09/24-06:38:22.530372 7f5a32fe6700                   Options.advise_random_on_open: 1
2018/09/24-06:38:22.530374 7f5a32fe6700                    Options.db_write_buffer_size: 0
2018/09/24-06:38:22.530376 7f5a32fe6700         Options.access_hint_on_compaction_start: 1
2018/09/24-06:38:22.530378 7f5a32fe6700  Options.new_table_reader_for_compaction_inputs: 0
2018/09/24-06:38:22.530379 7f5a32fe6700               Options.compaction_readahead_size: 0
2018/09/24-06:38:22.530381 7f5a32fe6700           Options.random_access_max_buffer_size: 1048576
2018/09/24-06:38:22.530383 7f5a32fe6700           Options.writable_file_max_buffer_size: 1048576
2018/09/24-06:38:22.530385 7f5a32fe6700                      Options.use_adaptive_mutex: 0
2018/09/24-06:38:22.530386 7f5a32fe6700                            Options.rate_limiter: (nil)
2018/09/24-06:38:22.530388 7f5a32fe6700     Options.sst_file_manager.rate_bytes_per_sec: 0
2018/09/24-06:38:22.530390 7f5a32fe6700                          Options.bytes_per_sync: 0
2018/09/24-06:38:22.530392 7f5a32fe6700                      Options.wal_bytes_per_sync: 0
2018/09/24-06:38:22.530394 7f5a32fe6700                       Options.wal_recovery_mode: 2
2018/09/24-06:38:22.530412 7f5a32fe6700                  Options.enable_thread_tracking: 0
2018/09/24-06:38:22.530416 7f5a32fe6700                  Options.enable_pipelined_write: 0
2018/09/24-06:38:22.530417 7f5a32fe6700         Options.allow_concurrent_memtable_write: 1
2018/09/24-06:38:22.530419 7f5a32fe6700      Options.enable_write_thread_adaptive_yield: 1
2018/09/24-06:38:22.530421 7f5a32fe6700             Options.write_thread_max_yield_usec: 100
2018/09/24-06:38:22.530423 7f5a32fe6700            Options.write_thread_slow_yield_usec: 3
2018/09/24-06:38:22.530424 7f5a32fe6700                               Options.row_cache: None
2018/09/24-06:38:22.530426 7f5a32fe6700                              Options.wal_filter: None
2018/09/24-06:38:22.530428 7f5a32fe6700             Options.avoid_flush_during_recovery: 0
2018/09/24-06:38:22.530430 7f5a32fe6700             Options.allow_ingest_behind: 0
2018/09/24-06:38:22.530432 7f5a32fe6700             Options.concurrent_prepare: 0
2018/09/24-06:38:22.530433 7f5a32fe6700             Options.manual_wal_flush: 0
2018/09/24-06:38:22.530435 7f5a32fe6700             Options.max_background_jobs: 2
2018/09/24-06:38:22.530437 7f5a32fe6700             Options.max_background_compactions: -1
2018/09/24-06:38:22.530439 7f5a32fe6700             Options.avoid_flush_during_shutdown: 0
2018/09/24-06:38:22.530441 7f5a32fe6700             Options.delayed_write_rate : 16777216
2018/09/24-06:38:22.530443 7f5a32fe6700             Options.max_total_wal_size: 0
2018/09/24-06:38:22.530445 7f5a32fe6700             Options.delete_obsolete_files_period_micros: 21600000000
2018/09/24-06:38:22.530447 7f5a32fe6700                   Options.stats_dump_period_sec: 600
2018/09/24-06:38:22.530449 7f5a32fe6700                          Options.max_open_files: -1
2018/09/24-06:38:22.530451 7f5a32fe6700 Compression algorithms supported:
2018/09/24-06:38:22.530452 7f5a32fe6700 	Snappy supported: 1
2018/09/24-06:38:22.530454 7f5a32fe6700 	Zlib supported: 1
2018/09/24-06:38:22.530456 7f5a32fe6700 	Bzip supported: 1
2018/09/24-06:38:22.530458 7f5a32fe6700 	LZ4 supported: 1
2018/09/24-06:38:22.530460 7f5a32fe6700 	ZSTD supported: 1
2018/09/24-06:38:22.530462 7f5a32fe6700 Fast CRC32 supported: 0
2018/09/24-06:38:22.530575 7f5a32fe6700 [db/db_impl_open.cc:216] Creating manifest 1 
2018/09/24-06:38:22.795836 7f5a32fe6700 [db/version_set.cc:2712] Recovering from manifest file: MANIFEST-000001
2018/09/24-06:38:22.795926 7f5a32fe6700 [db/column_family.cc:413] --------------- Options for column family [default]:
2018/09/24-06:38:22.795932 7f5a32fe6700               Options.comparator: leveldb.BytewiseComparator
2018/09/24-06:38:22.795935 7f5a32fe6700           Options.merge_operator: None
2018/09/24-06:38:22.795937 7f5a32fe6700        Options.compaction_filter: None
2018/09/24-06:38:22.795939 7f5a32fe6700        Options.compaction_filter_factory: None
2018/09/24-06:38:22.795941 7f5a32fe6700         Options.memtable_factory: SkipListFactory
2018/09/24-06:38:22.795944 7f5a32fe6700            Options.table_factory: BlockBasedTable
2018/09/24-06:38:22.795996 7f5a32fe6700            table_factory options:   flush_block_policy_factory: FlushBlockBySizePolicyFactory (0x7f5a2c8403b0)
  cache_index_and_filter_blocks: 0
  cache_index_and_filter_blocks_with_high_priority: 0
  pin_l0_filter_and_index_blocks_in_cache: 0
  index_type: 2
  hash_index_allow_collision: 1
  checksum: 1
  no_block_cache: 0
  block_cache: 0x7f5a2c849ef8
  block_cache_name: LRUCache
  block_cache_options:
    capacity : 104857600
    num_shard_bits : 6
    strict_capacity_limit : 0
    high_pri_pool_ratio: 0.000
  block_cache_compressed: (nil)
  persistent_cache: (nil)
  block_size: 262144
  block_size_deviation: 10
  block_restart_interval: 16
  index_block_restart_interval: 1
  filter_policy: rocksdb.BuiltinBloomFilter
  whole_key_filtering: 1
  format_version: 0
2018/09/24-06:38:22.796002 7f5a32fe6700        Options.write_buffer_size: 52428800
2018/09/24-06:38:22.796004 7f5a32fe6700  Options.max_write_buffer_number: 2
2018/09/24-06:38:22.796031 7f5a32fe6700          Options.compression: Snappy
2018/09/24-06:38:22.796035 7f5a32fe6700                  Options.bottommost_compression: Disabled
2018/09/24-06:38:22.796038 7f5a32fe6700       Options.prefix_extractor: rocksdb.FixedPrefix.4
2018/09/24-06:38:22.796040 7f5a32fe6700   Options.memtable_insert_with_hint_prefix_extractor: nullptr
2018/09/24-06:38:22.796042 7f5a32fe6700             Options.num_levels: 7
2018/09/24-06:38:22.796044 7f5a32fe6700        Options.min_write_buffer_number_to_merge: 1
2018/09/24-06:38:22.796046 7f5a32fe6700     Options.max_write_buffer_number_to_maintain: 0
2018/09/24-06:38:22.796048 7f5a32fe6700            Options.compression_opts.window_bits: -14
2018/09/24-06:38:22.796051 7f5a32fe6700                  Options.compression_opts.level: -1
2018/09/24-06:38:22.796053 7f5a32fe6700               Options.compression_opts.strategy: 0
2018/09/24-06:38:22.796055 7f5a32fe6700         Options.compression_opts.max_dict_bytes: 0
2018/09/24-06:38:22.796057 7f5a32fe6700      Options.level0_file_num_compaction_trigger: 4
2018/09/24-06:38:22.796059 7f5a32fe6700          Options.level0_slowdown_writes_trigger: 20
2018/09/24-06:38:22.796061 7f5a32fe6700              Options.level0_stop_writes_trigger: 36
2018/09/24-06:38:22.796063 7f5a32fe6700                   Options.target_file_size_base: 67108864
2018/09/24-06:38:22.796066 7f5a32fe6700             Options.target_file_size_multiplier: 1
2018/09/24-06:38:22.796068 7f5a32fe6700                Options.max_bytes_for_level_base: 268435456
2018/09/24-06:38:22.796070 7f5a32fe6700 Options.level_compaction_dynamic_level_bytes: 0
2018/09/24-06:38:22.796072 7f5a32fe6700          Options.max_bytes_for_level_multiplier: 10.000000
2018/09/24-06:38:22.796077 7f5a32fe6700 Options.max_bytes_for_level_multiplier_addtl[0]: 1
2018/09/24-06:38:22.796080 7f5a32fe6700 Options.max_bytes_for_level_multiplier_addtl[1]: 1
2018/09/24-06:38:22.796082 7f5a32fe6700 Options.max_bytes_for_level_multiplier_addtl[2]: 1
2018/09/24-06:38:22.796084 7f5a32fe6700 Options.max_bytes_for_level_multiplier_addtl[3]: 1
2018/09/24-06:38:22.796086 7f5a32fe6700 Options.max_bytes_for_level_multiplier_addtl[4]: 1
2018/09/24-06:38:22.796088 7f5a32fe6700 Options.max_bytes_for_level_multiplier_addtl[5]: 1
2018/09/24-06:38:22.796090 7f5a32fe6700 Options.max_bytes_for_level_multiplier_addtl[6]: 1
2018/09/24-06:38:22.796093 7f5a32fe6700       Options.max_sequential_skip_in_iterations: 8
2018/09/24-06:38:22.796095 7f5a32fe6700                    Options.max_compaction_bytes: 1677721600
2018/09/24-06:38:22.796097 7f5a32fe6700                        Options.arena_block_size: 6553600
2018/09/24-06:38:22.796099 7f5a32fe6700   Options.soft_pending_compaction_bytes_limit: 68719476736
2018/09/24-06:38:22.796102 7f5a32fe6700   Options.hard_pending_compaction_bytes_limit: 274877906944
2018/09/24-06:38:22.796104 7f5a32fe6700       Options.rate_limit_delay_max_milliseconds: 100
2018/09/24-06:38:22.796106 7f5a32fe6700                Options.disable_auto_compactions: 0
2018/09/24-06:38:22.796109 7f5a32fe6700                        Options.compaction_style: kCompactionStyleLevel
2018/09/24-06:38:22.796111 7f5a32fe6700                          Options.compaction_pri: kByCompensatedSize
2018/09/24-06:38:22.796113 7f5a32fe6700 Options.compaction_options_universal.size_ratio: 1
2018/09/24-06:38:22.796116 7f5a32fe6700 Options.compaction_options_universal.min_merge_width: 2
2018/09/24-06:38:22.796118 7f5a32fe6700 Options.compaction_options_universal.max_merge_width: 4294967295
2018/09/24-06:38:22.796120 7f5a32fe6700 Options.compaction_options_universal.max_size_amplification_percent: 200
2018/09/24-06:38:22.796122 7f5a32fe6700 Options.compaction_options_universal.compression_size_percent: -1
2018/09/24-06:38:22.796125 7f5a32fe6700 Options.compaction_options_universal.stop_style: kCompactionStopStyleTotalSize
2018/09/24-06:38:22.796127 7f5a32fe6700 Options.compaction_options_fifo.max_table_files_size: 1073741824
2018/09/24-06:38:22.796129 7f5a32fe6700 Options.compaction_options_fifo.allow_compaction: 0
2018/09/24-06:38:22.796147 7f5a32fe6700 Options.compaction_options_fifo.ttl: 0
2018/09/24-06:38:22.796151 7f5a32fe6700                   Options.table_properties_collectors: 
2018/09/24-06:38:22.796153 7f5a32fe6700                   Options.inplace_update_support: 0
2018/09/24-06:38:22.796155 7f5a32fe6700                 Options.inplace_update_num_locks: 10000
2018/09/24-06:38:22.796157 7f5a32fe6700               Options.memtable_prefix_bloom_size_ratio: 0.000000
2018/09/24-06:38:22.796161 7f5a32fe6700   Options.memtable_huge_page_size: 0
2018/09/24-06:38:22.796163 7f5a32fe6700                           Options.bloom_locality: 0
2018/09/24-06:38:22.796165 7f5a32fe6700                    Options.max_successive_merges: 0
2018/09/24-06:38:22.796167 7f5a32fe6700                Options.optimize_filters_for_hits: 0
2018/09/24-06:38:22.796169 7f5a32fe6700                Options.paranoid_file_checks: 0
2018/09/24-06:38:22.796171 7f5a32fe6700                Options.force_consistency_checks: 0
2018/09/24-06:38:22.796173 7f5a32fe6700                Options.report_bg_io_stats: 0
2018/09/24-06:38:22.797142 7f5a32fe6700 [db/version_set.cc:2969] Recovered from manifest file:testDispose//tmp/rdbfactorytest337/MANIFEST-000001 succeeded,manifest_file_number is 1, next_file_number is 3, last_sequence is 0, log_number is 0,prev_log_number is 0,max_column_family is 0
2018/09/24-06:38:22.797150 7f5a32fe6700 [db/version_set.cc:2977] Column family [default] (ID 0), log number is 0
2018/09/24-06:38:22.996456 7f5a32fe6700 [db/db_impl_open.cc:1111] DB pointer 0x7f5a2e6c9980
2018/09/24-06:38:54.930566 7f59da2f9700 [db/db_impl.cc:222] Shutdown: canceling all background work
2018/09/24-06:38:54.930688 7f59da2f9700 [db/db_impl.cc:348] Shutdown complete
