2018/09/24-08:42:18.576658 7f6520ea5700 RocksDB version: 5.7.3
2018/09/24-08:42:18.576707 7f6520ea5700 Git sha rocksdb_build_git_sha:
2018/09/24-08:42:18.576712 7f6520ea5700 Compile date Sep  1 2017
2018/09/24-08:42:18.576715 7f6520ea5700 DB SUMMARY
2018/09/24-08:42:18.576760 7f6520ea5700 SST files in testDispose//tmp/rdbfactorytest233 dir, Total Num: 0, files: 
2018/09/24-08:42:18.576765 7f6520ea5700 Write Ahead Log file in testDispose//tmp/rdbfactorytest233: 
2018/09/24-08:42:18.576769 7f6520ea5700                         Options.error_if_exists: 0
2018/09/24-08:42:18.576771 7f6520ea5700                       Options.create_if_missing: 1
2018/09/24-08:42:18.576773 7f6520ea5700                         Options.paranoid_checks: 1
2018/09/24-08:42:18.576775 7f6520ea5700                                     Options.env: 0x7f64eca48880
2018/09/24-08:42:18.576777 7f6520ea5700                                Options.info_log: 0x7f6518ac7290
2018/09/24-08:42:18.576779 7f6520ea5700                Options.max_file_opening_threads: 16
2018/09/24-08:42:18.576780 7f6520ea5700                               Options.use_fsync: 0
2018/09/24-08:42:18.576782 7f6520ea5700                       Options.max_log_file_size: 0
2018/09/24-08:42:18.576784 7f6520ea5700                  Options.max_manifest_file_size: 18446744073709551615
2018/09/24-08:42:18.576786 7f6520ea5700                   Options.log_file_time_to_roll: 0
2018/09/24-08:42:18.576788 7f6520ea5700                       Options.keep_log_file_num: 1000
2018/09/24-08:42:18.576790 7f6520ea5700                    Options.recycle_log_file_num: 0
2018/09/24-08:42:18.576792 7f6520ea5700                         Options.allow_fallocate: 1
2018/09/24-08:42:18.576794 7f6520ea5700                        Options.allow_mmap_reads: 0
2018/09/24-08:42:18.576795 7f6520ea5700                       Options.allow_mmap_writes: 0
2018/09/24-08:42:18.576797 7f6520ea5700                        Options.use_direct_reads: 0
2018/09/24-08:42:18.576799 7f6520ea5700                        Options.use_direct_io_for_flush_and_compaction: 0
2018/09/24-08:42:18.576801 7f6520ea5700          Options.create_missing_column_families: 0
2018/09/24-08:42:18.576803 7f6520ea5700                              Options.db_log_dir: 
2018/09/24-08:42:18.576804 7f6520ea5700                                 Options.wal_dir: testDispose//tmp/rdbfactorytest233
2018/09/24-08:42:18.576806 7f6520ea5700                Options.table_cache_numshardbits: 6
2018/09/24-08:42:18.576808 7f6520ea5700                      Options.max_subcompactions: 1
2018/09/24-08:42:18.576810 7f6520ea5700                  Options.max_background_flushes: -1
2018/09/24-08:42:18.576812 7f6520ea5700                         Options.WAL_ttl_seconds: 0
2018/09/24-08:42:18.576814 7f6520ea5700                       Options.WAL_size_limit_MB: 0
2018/09/24-08:42:18.576815 7f6520ea5700             Options.manifest_preallocation_size: 4194304
2018/09/24-08:42:18.576817 7f6520ea5700                     Options.is_fd_close_on_exec: 1
2018/09/24-08:42:18.576819 7f6520ea5700                   Options.advise_random_on_open: 1
2018/09/24-08:42:18.576821 7f6520ea5700                    Options.db_write_buffer_size: 0
2018/09/24-08:42:18.576823 7f6520ea5700         Options.access_hint_on_compaction_start: 1
2018/09/24-08:42:18.576825 7f6520ea5700  Options.new_table_reader_for_compaction_inputs: 0
2018/09/24-08:42:18.576826 7f6520ea5700               Options.compaction_readahead_size: 0
2018/09/24-08:42:18.576828 7f6520ea5700           Options.random_access_max_buffer_size: 1048576
2018/09/24-08:42:18.576830 7f6520ea5700           Options.writable_file_max_buffer_size: 1048576
2018/09/24-08:42:18.576832 7f6520ea5700                      Options.use_adaptive_mutex: 0
2018/09/24-08:42:18.576834 7f6520ea5700                            Options.rate_limiter: (nil)
2018/09/24-08:42:18.576836 7f6520ea5700     Options.sst_file_manager.rate_bytes_per_sec: 0
2018/09/24-08:42:18.576838 7f6520ea5700                          Options.bytes_per_sync: 0
2018/09/24-08:42:18.576839 7f6520ea5700                      Options.wal_bytes_per_sync: 0
2018/09/24-08:42:18.576841 7f6520ea5700                       Options.wal_recovery_mode: 2
2018/09/24-08:42:18.576863 7f6520ea5700                  Options.enable_thread_tracking: 0
2018/09/24-08:42:18.576866 7f6520ea5700                  Options.enable_pipelined_write: 0
2018/09/24-08:42:18.576868 7f6520ea5700         Options.allow_concurrent_memtable_write: 1
2018/09/24-08:42:18.576870 7f6520ea5700      Options.enable_write_thread_adaptive_yield: 1
2018/09/24-08:42:18.576871 7f6520ea5700             Options.write_thread_max_yield_usec: 100
2018/09/24-08:42:18.576873 7f6520ea5700            Options.write_thread_slow_yield_usec: 3
2018/09/24-08:42:18.576875 7f6520ea5700                               Options.row_cache: None
2018/09/24-08:42:18.576877 7f6520ea5700                              Options.wal_filter: None
2018/09/24-08:42:18.576879 7f6520ea5700             Options.avoid_flush_during_recovery: 0
2018/09/24-08:42:18.576881 7f6520ea5700             Options.allow_ingest_behind: 0
2018/09/24-08:42:18.576883 7f6520ea5700             Options.concurrent_prepare: 0
2018/09/24-08:42:18.576885 7f6520ea5700             Options.manual_wal_flush: 0
2018/09/24-08:42:18.576887 7f6520ea5700             Options.max_background_jobs: 2
2018/09/24-08:42:18.576888 7f6520ea5700             Options.max_background_compactions: -1
2018/09/24-08:42:18.576890 7f6520ea5700             Options.avoid_flush_during_shutdown: 0
2018/09/24-08:42:18.576892 7f6520ea5700             Options.delayed_write_rate : 16777216
2018/09/24-08:42:18.576894 7f6520ea5700             Options.max_total_wal_size: 0
2018/09/24-08:42:18.576896 7f6520ea5700             Options.delete_obsolete_files_period_micros: 21600000000
2018/09/24-08:42:18.576898 7f6520ea5700                   Options.stats_dump_period_sec: 600
2018/09/24-08:42:18.576900 7f6520ea5700                          Options.max_open_files: -1
2018/09/24-08:42:18.576902 7f6520ea5700 Compression algorithms supported:
2018/09/24-08:42:18.576904 7f6520ea5700 	Snappy supported: 1
2018/09/24-08:42:18.576906 7f6520ea5700 	Zlib supported: 1
2018/09/24-08:42:18.576908 7f6520ea5700 	Bzip supported: 1
2018/09/24-08:42:18.576910 7f6520ea5700 	LZ4 supported: 1
2018/09/24-08:42:18.576912 7f6520ea5700 	ZSTD supported: 1
2018/09/24-08:42:18.576914 7f6520ea5700 Fast CRC32 supported: 0
2018/09/24-08:42:18.577040 7f6520ea5700 [db/db_impl_open.cc:216] Creating manifest 1 
2018/09/24-08:42:18.859935 7f6520ea5700 [db/version_set.cc:2712] Recovering from manifest file: MANIFEST-000001
2018/09/24-08:42:18.860021 7f6520ea5700 [db/column_family.cc:413] --------------- Options for column family [default]:
2018/09/24-08:42:18.860046 7f6520ea5700               Options.comparator: leveldb.BytewiseComparator
2018/09/24-08:42:18.860050 7f6520ea5700           Options.merge_operator: None
2018/09/24-08:42:18.860052 7f6520ea5700        Options.compaction_filter: None
2018/09/24-08:42:18.860054 7f6520ea5700        Options.compaction_filter_factory: None
2018/09/24-08:42:18.860056 7f6520ea5700         Options.memtable_factory: SkipListFactory
2018/09/24-08:42:18.860058 7f6520ea5700            Options.table_factory: BlockBasedTable
2018/09/24-08:42:18.860100 7f6520ea5700            table_factory options:   flush_block_policy_factory: FlushBlockBySizePolicyFactory (0x7f651885eec0)
  cache_index_and_filter_blocks: 0
  cache_index_and_filter_blocks_with_high_priority: 0
  pin_l0_filter_and_index_blocks_in_cache: 0
  index_type: 2
  hash_index_allow_collision: 1
  checksum: 1
  no_block_cache: 0
  block_cache: 0x7f651885c9b8
  block_cache_name: LRUCache
  block_cache_options:
    capacity : 104857600
    num_shard_bits : 6
    strict_capacity_limit : 0
    high_pri_pool_ratio: 0.000
  block_cache_compressed: (nil)
  persistent_cache: (nil)
  block_size: 262144
  block_size_deviation: 10
  block_restart_interval: 16
  index_block_restart_interval: 1
  filter_policy: rocksdb.BuiltinBloomFilter
  whole_key_filtering: 1
  format_version: 0
2018/09/24-08:42:18.860105 7f6520ea5700        Options.write_buffer_size: 52428800
2018/09/24-08:42:18.860108 7f6520ea5700  Options.max_write_buffer_number: 2
2018/09/24-08:42:18.860143 7f6520ea5700          Options.compression: Snappy
2018/09/24-08:42:18.860147 7f6520ea5700                  Options.bottommost_compression: Disabled
2018/09/24-08:42:18.860149 7f6520ea5700       Options.prefix_extractor: rocksdb.FixedPrefix.4
2018/09/24-08:42:18.860170 7f6520ea5700   Options.memtable_insert_with_hint_prefix_extractor: nullptr
2018/09/24-08:42:18.860172 7f6520ea5700             Options.num_levels: 7
2018/09/24-08:42:18.860174 7f6520ea5700        Options.min_write_buffer_number_to_merge: 1
2018/09/24-08:42:18.860176 7f6520ea5700     Options.max_write_buffer_number_to_maintain: 0
2018/09/24-08:42:18.860178 7f6520ea5700            Options.compression_opts.window_bits: -14
2018/09/24-08:42:18.860180 7f6520ea5700                  Options.compression_opts.level: -1
2018/09/24-08:42:18.860182 7f6520ea5700               Options.compression_opts.strategy: 0
2018/09/24-08:42:18.860184 7f6520ea5700         Options.compression_opts.max_dict_bytes: 0
2018/09/24-08:42:18.860186 7f6520ea5700      Options.level0_file_num_compaction_trigger: 4
2018/09/24-08:42:18.860188 7f6520ea5700          Options.level0_slowdown_writes_trigger: 20
2018/09/24-08:42:18.860190 7f6520ea5700              Options.level0_stop_writes_trigger: 36
2018/09/24-08:42:18.860192 7f6520ea5700                   Options.target_file_size_base: 67108864
2018/09/24-08:42:18.860194 7f6520ea5700             Options.target_file_size_multiplier: 1
2018/09/24-08:42:18.860196 7f6520ea5700                Options.max_bytes_for_level_base: 268435456
2018/09/24-08:42:18.860198 7f6520ea5700 Options.level_compaction_dynamic_level_bytes: 0
2018/09/24-08:42:18.860200 7f6520ea5700          Options.max_bytes_for_level_multiplier: 10.000000
2018/09/24-08:42:18.860228 7f6520ea5700 Options.max_bytes_for_level_multiplier_addtl[0]: 1
2018/09/24-08:42:18.860232 7f6520ea5700 Options.max_bytes_for_level_multiplier_addtl[1]: 1
2018/09/24-08:42:18.860234 7f6520ea5700 Options.max_bytes_for_level_multiplier_addtl[2]: 1
2018/09/24-08:42:18.860236 7f6520ea5700 Options.max_bytes_for_level_multiplier_addtl[3]: 1
2018/09/24-08:42:18.860238 7f6520ea5700 Options.max_bytes_for_level_multiplier_addtl[4]: 1
2018/09/24-08:42:18.860239 7f6520ea5700 Options.max_bytes_for_level_multiplier_addtl[5]: 1
2018/09/24-08:42:18.860241 7f6520ea5700 Options.max_bytes_for_level_multiplier_addtl[6]: 1
2018/09/24-08:42:18.860243 7f6520ea5700       Options.max_sequential_skip_in_iterations: 8
2018/09/24-08:42:18.860245 7f6520ea5700                    Options.max_compaction_bytes: 1677721600
2018/09/24-08:42:18.860247 7f6520ea5700                        Options.arena_block_size: 6553600
2018/09/24-08:42:18.860249 7f6520ea5700   Options.soft_pending_compaction_bytes_limit: 68719476736
2018/09/24-08:42:18.860251 7f6520ea5700   Options.hard_pending_compaction_bytes_limit: 274877906944
2018/09/24-08:42:18.860254 7f6520ea5700       Options.rate_limit_delay_max_milliseconds: 100
2018/09/24-08:42:18.860255 7f6520ea5700                Options.disable_auto_compactions: 0
2018/09/24-08:42:18.860258 7f6520ea5700                        Options.compaction_style: kCompactionStyleLevel
2018/09/24-08:42:18.860260 7f6520ea5700                          Options.compaction_pri: kByCompensatedSize
2018/09/24-08:42:18.860262 7f6520ea5700 Options.compaction_options_universal.size_ratio: 1
2018/09/24-08:42:18.860264 7f6520ea5700 Options.compaction_options_universal.min_merge_width: 2
2018/09/24-08:42:18.860266 7f6520ea5700 Options.compaction_options_universal.max_merge_width: 4294967295
2018/09/24-08:42:18.860268 7f6520ea5700 Options.compaction_options_universal.max_size_amplification_percent: 200
2018/09/24-08:42:18.860270 7f6520ea5700 Options.compaction_options_universal.compression_size_percent: -1
2018/09/24-08:42:18.860273 7f6520ea5700 Options.compaction_options_universal.stop_style: kCompactionStopStyleTotalSize
2018/09/24-08:42:18.860275 7f6520ea5700 Options.compaction_options_fifo.max_table_files_size: 1073741824
2018/09/24-08:42:18.860294 7f6520ea5700 Options.compaction_options_fifo.allow_compaction: 0
2018/09/24-08:42:18.860317 7f6520ea5700 Options.compaction_options_fifo.ttl: 0
2018/09/24-08:42:18.860321 7f6520ea5700                   Options.table_properties_collectors: 
2018/09/24-08:42:18.860323 7f6520ea5700                   Options.inplace_update_support: 0
2018/09/24-08:42:18.860325 7f6520ea5700                 Options.inplace_update_num_locks: 10000
2018/09/24-08:42:18.860327 7f6520ea5700               Options.memtable_prefix_bloom_size_ratio: 0.000000
2018/09/24-08:42:18.860330 7f6520ea5700   Options.memtable_huge_page_size: 0
2018/09/24-08:42:18.860332 7f6520ea5700                           Options.bloom_locality: 0
2018/09/24-08:42:18.860334 7f6520ea5700                    Options.max_successive_merges: 0
2018/09/24-08:42:18.860336 7f6520ea5700                Options.optimize_filters_for_hits: 0
2018/09/24-08:42:18.860338 7f6520ea5700                Options.paranoid_file_checks: 0
2018/09/24-08:42:18.860340 7f6520ea5700                Options.force_consistency_checks: 0
2018/09/24-08:42:18.860342 7f6520ea5700                Options.report_bg_io_stats: 0
2018/09/24-08:42:18.861606 7f6520ea5700 [db/version_set.cc:2969] Recovered from manifest file:testDispose//tmp/rdbfactorytest233/MANIFEST-000001 succeeded,manifest_file_number is 1, next_file_number is 3, last_sequence is 0, log_number is 0,prev_log_number is 0,max_column_family is 0
2018/09/24-08:42:18.861614 7f6520ea5700 [db/version_set.cc:2977] Column family [default] (ID 0), log number is 0
2018/09/24-08:42:19.182856 7f6520ea5700 [db/db_impl_open.cc:1111] DB pointer 0x7f6518aa0d20
2018/09/24-08:43:11.033889 7f64d81b8700 [db/db_impl.cc:222] Shutdown: canceling all background work
2018/09/24-08:43:11.034019 7f64d81b8700 [db/db_impl.cc:348] Shutdown complete
