2018/09/24-06:37:33.331364 7f5a32fe6700 RocksDB version: 5.7.3
2018/09/24-06:37:33.331415 7f5a32fe6700 Git sha rocksdb_build_git_sha:
2018/09/24-06:37:33.331420 7f5a32fe6700 Compile date Sep  1 2017
2018/09/24-06:37:33.331423 7f5a32fe6700 DB SUMMARY
2018/09/24-06:37:33.331472 7f5a32fe6700 SST files in testDispose//tmp/rdbfactorytest237 dir, Total Num: 0, files: 
2018/09/24-06:37:33.331477 7f5a32fe6700 Write Ahead Log file in testDispose//tmp/rdbfactorytest237: 
2018/09/24-06:37:33.331480 7f5a32fe6700                         Options.error_if_exists: 0
2018/09/24-06:37:33.331483 7f5a32fe6700                       Options.create_if_missing: 1
2018/09/24-06:37:33.331485 7f5a32fe6700                         Options.paranoid_checks: 1
2018/09/24-06:37:33.331487 7f5a32fe6700                                     Options.env: 0x7f59daf89880
2018/09/24-06:37:33.331489 7f5a32fe6700                                Options.info_log: 0x7f5a2cc83790
2018/09/24-06:37:33.331492 7f5a32fe6700                Options.max_file_opening_threads: 16
2018/09/24-06:37:33.331494 7f5a32fe6700                               Options.use_fsync: 0
2018/09/24-06:37:33.331496 7f5a32fe6700                       Options.max_log_file_size: 0
2018/09/24-06:37:33.331498 7f5a32fe6700                  Options.max_manifest_file_size: 18446744073709551615
2018/09/24-06:37:33.331500 7f5a32fe6700                   Options.log_file_time_to_roll: 0
2018/09/24-06:37:33.331503 7f5a32fe6700                       Options.keep_log_file_num: 1000
2018/09/24-06:37:33.331505 7f5a32fe6700                    Options.recycle_log_file_num: 0
2018/09/24-06:37:33.331507 7f5a32fe6700                         Options.allow_fallocate: 1
2018/09/24-06:37:33.331509 7f5a32fe6700                        Options.allow_mmap_reads: 0
2018/09/24-06:37:33.331511 7f5a32fe6700                       Options.allow_mmap_writes: 0
2018/09/24-06:37:33.331513 7f5a32fe6700                        Options.use_direct_reads: 0
2018/09/24-06:37:33.331515 7f5a32fe6700                        Options.use_direct_io_for_flush_and_compaction: 0
2018/09/24-06:37:33.331517 7f5a32fe6700          Options.create_missing_column_families: 0
2018/09/24-06:37:33.331519 7f5a32fe6700                              Options.db_log_dir: 
2018/09/24-06:37:33.331521 7f5a32fe6700                                 Options.wal_dir: testDispose//tmp/rdbfactorytest237
2018/09/24-06:37:33.331523 7f5a32fe6700                Options.table_cache_numshardbits: 6
2018/09/24-06:37:33.331525 7f5a32fe6700                      Options.max_subcompactions: 1
2018/09/24-06:37:33.331527 7f5a32fe6700                  Options.max_background_flushes: -1
2018/09/24-06:37:33.331529 7f5a32fe6700                         Options.WAL_ttl_seconds: 0
2018/09/24-06:37:33.331531 7f5a32fe6700                       Options.WAL_size_limit_MB: 0
2018/09/24-06:37:33.331533 7f5a32fe6700             Options.manifest_preallocation_size: 4194304
2018/09/24-06:37:33.331535 7f5a32fe6700                     Options.is_fd_close_on_exec: 1
2018/09/24-06:37:33.331537 7f5a32fe6700                   Options.advise_random_on_open: 1
2018/09/24-06:37:33.331539 7f5a32fe6700                    Options.db_write_buffer_size: 0
2018/09/24-06:37:33.331541 7f5a32fe6700         Options.access_hint_on_compaction_start: 1
2018/09/24-06:37:33.331543 7f5a32fe6700  Options.new_table_reader_for_compaction_inputs: 0
2018/09/24-06:37:33.331545 7f5a32fe6700               Options.compaction_readahead_size: 0
2018/09/24-06:37:33.331547 7f5a32fe6700           Options.random_access_max_buffer_size: 1048576
2018/09/24-06:37:33.331550 7f5a32fe6700           Options.writable_file_max_buffer_size: 1048576
2018/09/24-06:37:33.331552 7f5a32fe6700                      Options.use_adaptive_mutex: 0
2018/09/24-06:37:33.331554 7f5a32fe6700                            Options.rate_limiter: (nil)
2018/09/24-06:37:33.331556 7f5a32fe6700     Options.sst_file_manager.rate_bytes_per_sec: 0
2018/09/24-06:37:33.331558 7f5a32fe6700                          Options.bytes_per_sync: 0
2018/09/24-06:37:33.331560 7f5a32fe6700                      Options.wal_bytes_per_sync: 0
2018/09/24-06:37:33.331562 7f5a32fe6700                       Options.wal_recovery_mode: 2
2018/09/24-06:37:33.331584 7f5a32fe6700                  Options.enable_thread_tracking: 0
2018/09/24-06:37:33.331587 7f5a32fe6700                  Options.enable_pipelined_write: 0
2018/09/24-06:37:33.331589 7f5a32fe6700         Options.allow_concurrent_memtable_write: 1
2018/09/24-06:37:33.331591 7f5a32fe6700      Options.enable_write_thread_adaptive_yield: 1
2018/09/24-06:37:33.331593 7f5a32fe6700             Options.write_thread_max_yield_usec: 100
2018/09/24-06:37:33.331595 7f5a32fe6700            Options.write_thread_slow_yield_usec: 3
2018/09/24-06:37:33.331597 7f5a32fe6700                               Options.row_cache: None
2018/09/24-06:37:33.331600 7f5a32fe6700                              Options.wal_filter: None
2018/09/24-06:37:33.331602 7f5a32fe6700             Options.avoid_flush_during_recovery: 0
2018/09/24-06:37:33.331604 7f5a32fe6700             Options.allow_ingest_behind: 0
2018/09/24-06:37:33.331606 7f5a32fe6700             Options.concurrent_prepare: 0
2018/09/24-06:37:33.331608 7f5a32fe6700             Options.manual_wal_flush: 0
2018/09/24-06:37:33.331611 7f5a32fe6700             Options.max_background_jobs: 2
2018/09/24-06:37:33.331613 7f5a32fe6700             Options.max_background_compactions: -1
2018/09/24-06:37:33.331615 7f5a32fe6700             Options.avoid_flush_during_shutdown: 0
2018/09/24-06:37:33.331617 7f5a32fe6700             Options.delayed_write_rate : 16777216
2018/09/24-06:37:33.331619 7f5a32fe6700             Options.max_total_wal_size: 0
2018/09/24-06:37:33.331621 7f5a32fe6700             Options.delete_obsolete_files_period_micros: 21600000000
2018/09/24-06:37:33.331624 7f5a32fe6700                   Options.stats_dump_period_sec: 600
2018/09/24-06:37:33.331626 7f5a32fe6700                          Options.max_open_files: -1
2018/09/24-06:37:33.331628 7f5a32fe6700 Compression algorithms supported:
2018/09/24-06:37:33.331630 7f5a32fe6700 	Snappy supported: 1
2018/09/24-06:37:33.331632 7f5a32fe6700 	Zlib supported: 1
2018/09/24-06:37:33.331634 7f5a32fe6700 	Bzip supported: 1
2018/09/24-06:37:33.331636 7f5a32fe6700 	LZ4 supported: 1
2018/09/24-06:37:33.331639 7f5a32fe6700 	ZSTD supported: 1
2018/09/24-06:37:33.331641 7f5a32fe6700 Fast CRC32 supported: 0
2018/09/24-06:37:33.331766 7f5a32fe6700 [db/db_impl_open.cc:216] Creating manifest 1 
2018/09/24-06:37:33.946610 7f5a32fe6700 [db/version_set.cc:2712] Recovering from manifest file: MANIFEST-000001
2018/09/24-06:37:33.946726 7f5a32fe6700 [db/column_family.cc:413] --------------- Options for column family [default]:
2018/09/24-06:37:33.946732 7f5a32fe6700               Options.comparator: leveldb.BytewiseComparator
2018/09/24-06:37:33.946734 7f5a32fe6700           Options.merge_operator: None
2018/09/24-06:37:33.946737 7f5a32fe6700        Options.compaction_filter: None
2018/09/24-06:37:33.946739 7f5a32fe6700        Options.compaction_filter_factory: None
2018/09/24-06:37:33.946741 7f5a32fe6700         Options.memtable_factory: SkipListFactory
2018/09/24-06:37:33.946743 7f5a32fe6700            Options.table_factory: BlockBasedTable
2018/09/24-06:37:33.946786 7f5a32fe6700            table_factory options:   flush_block_policy_factory: FlushBlockBySizePolicyFactory (0x7f5a2c8403b0)
  cache_index_and_filter_blocks: 0
  cache_index_and_filter_blocks_with_high_priority: 0
  pin_l0_filter_and_index_blocks_in_cache: 0
  index_type: 2
  hash_index_allow_collision: 1
  checksum: 1
  no_block_cache: 0
  block_cache: 0x7f5a2c849ef8
  block_cache_name: LRUCache
  block_cache_options:
    capacity : 104857600
    num_shard_bits : 6
    strict_capacity_limit : 0
    high_pri_pool_ratio: 0.000
  block_cache_compressed: (nil)
  persistent_cache: (nil)
  block_size: 262144
  block_size_deviation: 10
  block_restart_interval: 16
  index_block_restart_interval: 1
  filter_policy: rocksdb.BuiltinBloomFilter
  whole_key_filtering: 1
  format_version: 0
2018/09/24-06:37:33.946792 7f5a32fe6700        Options.write_buffer_size: 52428800
2018/09/24-06:37:33.946794 7f5a32fe6700  Options.max_write_buffer_number: 2
2018/09/24-06:37:33.946827 7f5a32fe6700          Options.compression: Snappy
2018/09/24-06:37:33.946831 7f5a32fe6700                  Options.bottommost_compression: Disabled
2018/09/24-06:37:33.946834 7f5a32fe6700       Options.prefix_extractor: rocksdb.FixedPrefix.4
2018/09/24-06:37:33.946836 7f5a32fe6700   Options.memtable_insert_with_hint_prefix_extractor: nullptr
2018/09/24-06:37:33.946838 7f5a32fe6700             Options.num_levels: 7
2018/09/24-06:37:33.946841 7f5a32fe6700        Options.min_write_buffer_number_to_merge: 1
2018/09/24-06:37:33.946843 7f5a32fe6700     Options.max_write_buffer_number_to_maintain: 0
2018/09/24-06:37:33.946845 7f5a32fe6700            Options.compression_opts.window_bits: -14
2018/09/24-06:37:33.946847 7f5a32fe6700                  Options.compression_opts.level: -1
2018/09/24-06:37:33.946849 7f5a32fe6700               Options.compression_opts.strategy: 0
2018/09/24-06:37:33.946851 7f5a32fe6700         Options.compression_opts.max_dict_bytes: 0
2018/09/24-06:37:33.946854 7f5a32fe6700      Options.level0_file_num_compaction_trigger: 4
2018/09/24-06:37:33.946856 7f5a32fe6700          Options.level0_slowdown_writes_trigger: 20
2018/09/24-06:37:33.946858 7f5a32fe6700              Options.level0_stop_writes_trigger: 36
2018/09/24-06:37:33.946860 7f5a32fe6700                   Options.target_file_size_base: 67108864
2018/09/24-06:37:33.946862 7f5a32fe6700             Options.target_file_size_multiplier: 1
2018/09/24-06:37:33.946864 7f5a32fe6700                Options.max_bytes_for_level_base: 268435456
2018/09/24-06:37:33.946867 7f5a32fe6700 Options.level_compaction_dynamic_level_bytes: 0
2018/09/24-06:37:33.946869 7f5a32fe6700          Options.max_bytes_for_level_multiplier: 10.000000
2018/09/24-06:37:33.946874 7f5a32fe6700 Options.max_bytes_for_level_multiplier_addtl[0]: 1
2018/09/24-06:37:33.946877 7f5a32fe6700 Options.max_bytes_for_level_multiplier_addtl[1]: 1
2018/09/24-06:37:33.946879 7f5a32fe6700 Options.max_bytes_for_level_multiplier_addtl[2]: 1
2018/09/24-06:37:33.946881 7f5a32fe6700 Options.max_bytes_for_level_multiplier_addtl[3]: 1
2018/09/24-06:37:33.946883 7f5a32fe6700 Options.max_bytes_for_level_multiplier_addtl[4]: 1
2018/09/24-06:37:33.946885 7f5a32fe6700 Options.max_bytes_for_level_multiplier_addtl[5]: 1
2018/09/24-06:37:33.946887 7f5a32fe6700 Options.max_bytes_for_level_multiplier_addtl[6]: 1
2018/09/24-06:37:33.946889 7f5a32fe6700       Options.max_sequential_skip_in_iterations: 8
2018/09/24-06:37:33.946892 7f5a32fe6700                    Options.max_compaction_bytes: 1677721600
2018/09/24-06:37:33.946894 7f5a32fe6700                        Options.arena_block_size: 6553600
2018/09/24-06:37:33.946896 7f5a32fe6700   Options.soft_pending_compaction_bytes_limit: 68719476736
2018/09/24-06:37:33.946899 7f5a32fe6700   Options.hard_pending_compaction_bytes_limit: 274877906944
2018/09/24-06:37:33.946901 7f5a32fe6700       Options.rate_limit_delay_max_milliseconds: 100
2018/09/24-06:37:33.946903 7f5a32fe6700                Options.disable_auto_compactions: 0
2018/09/24-06:37:33.946906 7f5a32fe6700                        Options.compaction_style: kCompactionStyleLevel
2018/09/24-06:37:33.946908 7f5a32fe6700                          Options.compaction_pri: kByCompensatedSize
2018/09/24-06:37:33.946910 7f5a32fe6700 Options.compaction_options_universal.size_ratio: 1
2018/09/24-06:37:33.946912 7f5a32fe6700 Options.compaction_options_universal.min_merge_width: 2
2018/09/24-06:37:33.946914 7f5a32fe6700 Options.compaction_options_universal.max_merge_width: 4294967295
2018/09/24-06:37:33.946917 7f5a32fe6700 Options.compaction_options_universal.max_size_amplification_percent: 200
2018/09/24-06:37:33.946919 7f5a32fe6700 Options.compaction_options_universal.compression_size_percent: -1
2018/09/24-06:37:33.946922 7f5a32fe6700 Options.compaction_options_universal.stop_style: kCompactionStopStyleTotalSize
2018/09/24-06:37:33.946924 7f5a32fe6700 Options.compaction_options_fifo.max_table_files_size: 1073741824
2018/09/24-06:37:33.946926 7f5a32fe6700 Options.compaction_options_fifo.allow_compaction: 0
2018/09/24-06:37:33.946945 7f5a32fe6700 Options.compaction_options_fifo.ttl: 0
2018/09/24-06:37:33.946948 7f5a32fe6700                   Options.table_properties_collectors: 
2018/09/24-06:37:33.946951 7f5a32fe6700                   Options.inplace_update_support: 0
2018/09/24-06:37:33.946953 7f5a32fe6700                 Options.inplace_update_num_locks: 10000
2018/09/24-06:37:33.946955 7f5a32fe6700               Options.memtable_prefix_bloom_size_ratio: 0.000000
2018/09/24-06:37:33.946958 7f5a32fe6700   Options.memtable_huge_page_size: 0
2018/09/24-06:37:33.946960 7f5a32fe6700                           Options.bloom_locality: 0
2018/09/24-06:37:33.946962 7f5a32fe6700                    Options.max_successive_merges: 0
2018/09/24-06:37:33.946964 7f5a32fe6700                Options.optimize_filters_for_hits: 0
2018/09/24-06:37:33.946966 7f5a32fe6700                Options.paranoid_file_checks: 0
2018/09/24-06:37:33.946969 7f5a32fe6700                Options.force_consistency_checks: 0
2018/09/24-06:37:33.946971 7f5a32fe6700                Options.report_bg_io_stats: 0
2018/09/24-06:37:33.948044 7f5a32fe6700 [db/version_set.cc:2969] Recovered from manifest file:testDispose//tmp/rdbfactorytest237/MANIFEST-000001 succeeded,manifest_file_number is 1, next_file_number is 3, last_sequence is 0, log_number is 0,prev_log_number is 0,max_column_family is 0
2018/09/24-06:37:33.948052 7f5a32fe6700 [db/version_set.cc:2977] Column family [default] (ID 0), log number is 0
2018/09/24-06:37:34.605589 7f5a32fe6700 [db/db_impl_open.cc:1111] DB pointer 0x7f5a2cc162c0
2018/09/24-06:38:54.944740 7f59da2f9700 [db/db_impl.cc:222] Shutdown: canceling all background work
2018/09/24-06:38:54.944903 7f59da2f9700 [db/db_impl.cc:348] Shutdown complete
